# automatic_capture,target_complete_sweeps=30,port=COM5,baud=115200,started=2026-08-23 22:45:53
data,1590671,252,1,10000,-217,3764,377025,9329,raw_ad5933_range4_pga1,0,0,0,0,0,0,0,0,0,0,0
data,1590808,252,2,15000,-497,3742,377486,9756,raw_ad5933_range4_pga1,0,0,0,0,0,0,0,0,0,0,0
data,1590944,252,3,20000,-736,3719,379113,10119,raw_ad5933_range4_pga1,0,0,0,0,0,0,0,0,0,0,0
data,1591082,252,4,25000,-966,3667,379210,10475,raw_ad5933_range4_pga1,0,0,0,0,0,0,0,0,0,0,0
data,1591220,252,5,30000,-1177,3597,378467,10811,raw_ad5933_range4_pga1,0,0,0,0,0,0,0,0,0,0,0
data,1591359,252,6,35000,-1376,3523,378218,11133,raw_ad5933_range4_pga1,0,0,0,0,0,0,0,0,0,0,0
data,1591498,252,7,40000,-1571,3444,378539,11452,raw_ad5933_range4_pga1,0,0,0,0,0,0,0,0,0,0,0
data,1591637,252,8,45000,-1768,3345,378350,11785,raw_ad5933_range4_pga1,0,0,0,0,0,0,0,0,0,0,0
data,1591776,252,9,50000,-1948,3236,377709,12104,raw_ad5933_range4_pga1,0,0,0,0,0,0,0,0,0,0,0
data,1591915,252,10,55000,-2118,3117,376850,12419,raw_ad5933_range4_pga1,0,0,0,0,0,0,0,0,0,0,0
data,1592055,252,11,60000,-2298,3000,377900,12745,raw_ad5933_range4_pga1,0,0,0,0,0,0,0,0,0,0,0
data,1592195,252,12,65000,-2455,2840,375401,13084,raw_ad5933_range4_pga1,0,0,0,0,0,0,0,0,0,0,0
data,1592335,252,13,70000,-2605,2713,376117,13383,raw_ad5933_range4_pga1,0,0,0,0,0,0,0,0,0,0,0
data,1592475,252,14,75000,-2752,2558,375724,13709,raw_ad5933_range4_pga1,0,0,0,0,0,0,0,0,0,0,0
data,1592615,252,15,80000,-2881,2401,375033,14019,raw_ad5933_range4_pga1,0,0,0,0,0,0,0,0,0,0,0
data,1592755,252,16,85000,-3006,2237,374703,14334,raw_ad5933_range4_pga1,0,0,0,0,0,0,0,0,0,0,0
data,1592895,252,17,90000,-3123,2066,374453,14651,raw_ad5933_range4_pga1,0,0,0,0,0,0,0,0,0,0,0
data,1593035,252,18,95000,-3226,1880,373383,14976,raw_ad5933_range4_pga1,0,0,0,0,0,0,0,0,0,0,0
data,1593175,252,19,100000,-3319,1696,372722,15293,raw_ad5933_range4_pga1,0,0,0,0,0,0,0,0,0,0,0
status,1593295,252,0,0,0,0,0,0,sweep_end,0,0,0,0,0,0,0,0,0,0,0
status,1596373,0,0,0,0,0,0,0,i2c_pc8_pc9_scan_start
status,1596537,0,0,0,0,0,0,0,i2c_pc8_pc9_found_0x68
status,1596613,0,0,0,0,0,0,0,i2c_pc8_pc9_scan_end_count_1
imu,1596698,0,0,0,0,0,0,0,imu_sample,0x68,0x68,-2552,5752,9448,-393,36,411,-1536,0x00,0
status,1596800,253,0,0,0,0,0,0,sweep_start_5k_to_100k,0,0,0,0,0,0,0,0,0,0,0
data,1596972,253,0,5000,191,3732,373688,8707,raw_ad5933_range4_pga1,0,0,0,0,0,0,0,0,0,0,0
data,1597106,253,1,10000,-215,3769,377513,9326,raw_ad5933_range4_pga1,0,0,0,0,0,0,0,0,0,0,0
data,1597243,253,2,15000,-492,3745,377718,9748,raw_ad5933_range4_pga1,0,0,0,0,0,0,0,0,0,0,0
data,1597379,253,3,20000,-739,3718,379073,10124,raw_ad5933_range4_pga1,0,0,0,0,0,0,0,0,0,0,0
data,1597517,253,4,25000,-950,3665,378612,10453,raw_ad5933_range4_pga1,0,0,0,0,0,0,0,0,0,0,0
data,1597655,253,5,30000,-1173,3607,379294,10801,raw_ad5933_range4_pga1,0,0,0,0,0,0,0,0,0,0,0
data,1597794,253,6,35000,-1373,3524,378202,11128,raw_ad5933_range4_pga1,0,0,0,0,0,0,0,0,0,0,0
data,1597933,253,7,40000,-1565,3437,377653,11448,raw_ad5933_range4_pga1,0,0,0,0,0,0,0,0,0,0,0
data,1598072,253,8,45000,-1763,3343,377939,11780,raw_ad5933_range4_pga1,0,0,0,0,0,0,0,0,0,0,0
data,1598211,253,9,50000,-1946,3231,377177,12106,raw_ad5933_range4_pga1,0,0,0,0,0,0,0,0,0,0,0
data,1598350,253,10,55000,-2127,3115,377192,12432,raw_ad5933_range4_pga1,0,0,0,0,0,0,0,0,0,0,0
data,1598490,253,11,60000,-2297,2999,377759,12744,raw_ad5933_range4_pga1,0,0,0,0,0,0,0,0,0,0,0
data,1598630,253,12,65000,-2452,2859,376646,13061,raw_ad5933_range4_pga1,0,0,0,0,0,0,0,0,0,0,0
data,1598770,253,13,70000,-2607,2711,376111,13387,raw_ad5933_range4_pga1,0,0,0,0,0,0,0,0,0,0,0
data,1598910,253,14,75000,-2747,2555,375154,13707,raw_ad5933_range4_pga1,0,0,0,0,0,0,0,0,0,0,0
data,1599050,253,15,80000,-2886,2397,375161,14028,raw_ad5933_range4_pga1,0,0,0,0,0,0,0,0,0,0,0
data,1599190,253,16,85000,-3004,2239,374662,14330,raw_ad5933_range4_pga1,0,0,0,0,0,0,0,0,0,0,0
data,1599330,253,17,90000,-3121,2064,374176,14652,raw_ad5933_range4_pga1,0,0,0,0,0,0,0,0,0,0,0
data,1599470,253,18,95000,-3229,1888,374045,14968,raw_ad5933_range4_pga1,0,0,0,0,0,0,0,0,0,0,0
data,1599610,253,19,100000,-3321,1697,372946,15293,raw_ad5933_range4_pga1,0,0,0,0,0,0,0,0,0,0,0
status,1599730,253,0,0,0,0,0,0,sweep_end,0,0,0,0,0,0,0,0,0,0,0
status,1602808,0,0,0,0,0,0,0,i2c_pc8_pc9_scan_start
status,1602972,0,0,0,0,0,0,0,i2c_pc8_pc9_found_0x68
status,1603048,0,0,0,0,0,0,0,i2c_pc8_pc9_scan_end_count_1
imu,1603133,0,0,0,0,0,0,0,imu_sample,0x68,0x68,-2472,5904,9492,-368,21,428,-1520,0x00,0
status,1603235,254,0,0,0,0,0,0,sweep_start_5k_to_100k,0,0,0,0,0,0,0,0,0,0,0
data,1603407,254,0,5000,186,3752,375661,8716,raw_ad5933_range4_pga1,0,0,0,0,0,0,0,0,0,0,0
data,1603541,254,1,10000,-215,3766,377213,9326,raw_ad5933_range4_pga1,0,0,0,0,0,0,0,0,0,0,0
data,1603678,254,2,15000,-493,3743,377533,9750,raw_ad5933_range4_pga1,0,0,0,0,0,0,0,0,0,0,0
data,1603814,254,3,20000,-730,3721,379193,10109,raw_ad5933_range4_pga1,0,0,0,0,0,0,0,0,0,0,0
data,1603952,254,4,25000,-951,3658,377960,10457,raw_ad5933_range4_pga1,0,0,0,0,0,0,0,0,0,0,0
data,1604090,254,5,30000,-1169,3600,378504,10798,raw_ad5933_range4_pga1,0,0,0,0,0,0,0,0,0,0,0
data,1604229,254,6,35000,-1376,3523,378218,11133,raw_ad5933_range4_pga1,0,0,0,0,0,0,0,0,0,0,0
data,1604368,254,7,40000,-1573,3440,378258,11457,raw_ad5933_range4_pga1,0,0,0,0,0,0,0,0,0,0,0
data,1604507,254,8,45000,-1766,3337,377549,11788,raw_ad5933_range4_pga1,0,0,0,0,0,0,0,0,0,0,0
data,1604646,254,9,50000,-1955,3239,378327,12111,raw_ad5933_range4_pga1,0,0,0,0,0,0,0,0,0,0,0
data,1604785,254,10,55000,-2123,3112,376718,12430,raw_ad5933_range4_pga1,0,0,0,0,0,0,0,0,0,0,0
data,1604925,254,11,60000,-2284,2997,376811,12731,raw_ad5933_range4_pga1,0,0,0,0,0,0,0,0,0,0,0
data,1605065,254,12,65000,-2458,2855,376733,13072,raw_ad5933_range4_pga1,0,0,0,0,0,0,0,0,0,0,0
data,1605205,254,13,70000,-2603,2714,376051,13380,raw_ad5933_range4_pga1,0,0,0,0,0,0,0,0,0,0,0
data,1605345,254,14,75000,-2748,2558,375431,13705,raw_ad5933_range4_pga1,0,0,0,0,0,0,0,0,0,0,0
data,1605485,254,15,80000,-2884,2399,375135,14024,raw_ad5933_range4_pga1,0,0,0,0,0,0,0,0,0,0,0
data,1605625,254,16,85000,-3005,2233,374384,14338,raw_ad5933_range4_pga1,0,0,0,0,0,0,0,0,0,0,0
data,1605765,254,17,90000,-3117,2057,373456,14657,raw_ad5933_range4_pga1,0,0,0,0,0,0,0,0,0,0,0
data,1605905,254,18,95000,-3228,1885,373808,14971,raw_ad5933_range4_pga1,0,0,0,0,0,0,0,0,0,0,0
data,1606045,254,19,100000,-3311,1700,372192,15282,raw_ad5933_range4_pga1,0,0,0,0,0,0,0,0,0,0,0
status,1606165,254,0,0,0,0,0,0,sweep_end,0,0,0,0,0,0,0,0,0,0,0
status,1609243,0,0,0,0,0,0,0,i2c_pc8_pc9_scan_start
status,1609407,0,0,0,0,0,0,0,i2c_pc8_pc9_found_0x68
status,1609483,0,0,0,0,0,0,0,i2c_pc8_pc9_scan_end_count_1
imu,1609568,0,0,0,0,0,0,0,imu_sample,0x68,0x68,-2584,5736,9464,-348,27,422,-1504,0x00,0
status,1609670,255,0,0,0,0,0,0,sweep_start_5k_to_100k,0,0,0,0,0,0,0,0,0,0,0
data,1609842,255,0,5000,193,3729,373399,8703,raw_ad5933_range4_pga1,0,0,0,0,0,0,0,0,0,0,0
data,1609976,255,1,10000,-220,3771,377741,9333,raw_ad5933_range4_pga1,0,0,0,0,0,0,0,0,0,0,0
data,1610113,255,2,15000,-489,3748,377977,9743,raw_ad5933_range4_pga1,0,0,0,0,0,0,0,0,0,0,0
data,1610249,255,3,20000,-729,3716,378683,10109,raw_ad5933_range4_pga1,0,0,0,0,0,0,0,0,0,0,0
data,1610387,255,4,25000,-958,3665,378814,10464,raw_ad5933_range4_pga1,0,0,0,0,0,0,0,0,0,0,0
data,1610525,255,5,30000,-1171,3592,377806,10805,raw_ad5933_range4_pga1,0,0,0,0,0,0,0,0,0,0,0
data,1610664,255,6,35000,-1374,3518,377680,11133,raw_ad5933_range4_pga1,0,0,0,0,0,0,0,0,0,0,0
data,1610803,255,7,40000,-1578,3437,378194,11466,raw_ad5933_range4_pga1,0,0,0,0,0,0,0,0,0,0,0
data,1610942,255,8,45000,-1768,3340,377908,11789,raw_ad5933_range4_pga1,0,0,0,0,0,0,0,0,0,0,0
data,1611081,255,9,50000,-1950,3232,377470,12110,raw_ad5933_range4_pga1,0,0,0,0,0,0,0,0,0,0,0
data,1611220,255,10,55000,-2124,3118,377270,12426,raw_ad5933_range4_pga1,0,0,0,0,0,0,0,0,0,0,0
data,1611360,255,11,60000,-2289,2992,376717,12741,raw_ad5933_range4_pga1,0,0,0,0,0,0,0,0,0,0,0
data,1611500,255,12,65000,-2446,2855,375951,13058,raw_ad5933_range4_pga1,0,0,0,0,0,0,0,0,0,0,0
data,1611640,255,13,70000,-2602,2712,375837,13381,raw_ad5933_range4_pga1,0,0,0,0,0,0,0,0,0,0,0
data,1611780,255,14,75000,-2747,2560,375494,13701,raw_ad5933_range4_pga1,0,0,0,0,0,0,0,0,0,0,0
data,1611920,255,15,80000,-2882,2389,374343,14034,raw_ad5933_range4_pga1,0,0,0,0,0,0,0,0,0,0,0
data,1612060,255,16,85000,-3000,2235,374102,14331,raw_ad5933_range4_pga1,0,0,0,0,0,0,0,0,0,0,0
data,1612200,255,17,90000,-3119,2059,373733,14656,raw_ad5933_range4_pga1,0,0,0,0,0,0,0,0,0,0,0
data,1612340,255,18,95000,-3223,1882,373225,14971,raw_ad5933_range4_pga1,0,0,0,0,0,0,0,0,0,0,0
data,1612480,255,19,100000,-3314,1701,372505,15282,raw_ad5933_range4_pga1,0,0,0,0,0,0,0,0,0,0,0
status,1612600,255,0,0,0,0,0,0,sweep_end,0,0,0,0,0,0,0,0,0,0,0
status,1615678,0,0,0,0,0,0,0,i2c_pc8_pc9_scan_start
status,1615842,0,0,0,0,0,0,0,i2c_pc8_pc9_found_0x68
status,1615918,0,0,0,0,0,0,0,i2c_pc8_pc9_scan_end_count_1
imu,1616003,0,0,0,0,0,0,0,imu_sample,0x68,0x68,-2700,5852,9412,-350,25,413,-1536,0x00,0
status,1616105,256,0,0,0,0,0,0,sweep_start_5k_to_100k,0,0,0,0,0,0,0,0,0,0,0
data,1616277,256,0,5000,193,3730,373499,8703,raw_ad5933_range4_pga1,0,0,0,0,0,0,0,0,0,0,0
data,1616411,256,1,10000,-209,3768,377379,9317,raw_ad5933_range4_pga1,0,0,0,0,0,0,0,0,0,0,0
data,1616548,256,2,15000,-491,3750,378201,9745,raw_ad5933_range4_pga1,0,0,0,0,0,0,0,0,0,0,0
data,1616684,256,3,20000,-737,3718,379034,10121,raw_ad5933_range4_pga1,0,0,0,0,0,0,0,0,0,0,0
data,1616822,256,4,25000,-960,3660,378381,10469,raw_ad5933_range4_pga1,0,0,0,0,0,0,0,0,0,0,0
data,1616960,256,5,30000,-1171,3595,378091,10804,raw_ad5933_range4_pga1,0,0,0,0,0,0,0,0,0,0,0
data,1617099,256,6,35000,-1371,3524,378130,11125,raw_ad5933_range4_pga1,0,0,0,0,0,0,0,0,0,0,0
data,1617238,256,7,40000,-1574,3434,377754,11462,raw_ad5933_range4_pga1,0,0,0,0,0,0,0,0,0,0,0
data,1617377,256,8,45000,-1763,3340,377674,11782,raw_ad5933_range4_pga1,0,0,0,0,0,0,0,0,0,0,0
data,1617516,256,9,50000,-1946,3234,377434,12103,raw_ad5933_range4_pga1,0,0,0,0,0,0,0,0,0,0,0
data,1617655,256,10,55000,-2120,3112,376549,12426,raw_ad5933_range4_pga1,0,0,0,0,0,0,0,0,0,0,0
data,1617795,256,11,60000,-2293,2981,376088,12756,raw_ad5933_range4_pga1,0,0,0,0,0,0,0,0,0,0,0
data,1617935,256,12,65000,-2461,2861,377384,13070,raw_ad5933_range4_pga1,0,0,0,0,0,0,0,0,0,0,0
data,1618075,256,13,70000,-2606,2708,375826,13390,raw_ad5933_range4_pga1,0,0,0,0,0,0,0,0,0,0,0
data,1618215,256,14,75000,-2746,2559,375353,13701,raw_ad5933_range4_pga1,0,0,0,0,0,0,0,0,0,0,0
data,1618355,256,15,80000,-2881,2398,374841,14022,raw_ad5933_range4_pga1,0,0,0,0,0,0,0,0,0,0,0
data,1618495,256,16,85000,-3003,2232,374164,14337,raw_ad5933_range4_pga1,0,0,0,0,0,0,0,0,0,0,0
data,1618635,256,17,90000,-3117,2061,373676,14652,raw_ad5933_range4_pga1,0,0,0,0,0,0,0,0,0,0,0
data,1618775,256,18,95000,-3226,1880,373383,14976,raw_ad5933_range4_pga1,0,0,0,0,0,0,0,0,0,0,0
data,1618915,256,19,100000,-3318,1698,372724,15289,raw_ad5933_range4_pga1,0,0,0,0,0,0,0,0,0,0,0
status,1619035,256,0,0,0,0,0,0,sweep_end,0,0,0,0,0,0,0,0,0,0,0
status,1622113,0,0,0,0,0,0,0,i2c_pc8_pc9_scan_start
status,1622277,0,0,0,0,0,0,0,i2c_pc8_pc9_found_0x68
status,1622353,0,0,0,0,0,0,0,i2c_pc8_pc9_scan_end_count_1
imu,1622438,0,0,0,0,0,0,0,imu_sample,0x68,0x68,-2556,5800,9440,-372,16,433,-1536,0x00,0
status,1622540,257,0,0,0,0,0,0,sweep_start_5k_to_100k,0,0,0,0,0,0,0,0,0,0,0
data,1622712,257,0,5000,195,3725,373010,8700,raw_ad5933_range4_pga1,0,0,0,0,0,0,0,0,0,0,0
data,1622846,257,1,10000,-216,3765,377119,9328,raw_ad5933_range4_pga1,0,0,0,0,0,0,0,0,0,0,0
data,1622983,257,2,15000,-492,3745,377718,9748,raw_ad5933_range4_pga1,0,0,0,0,0,0,0,0,0,0,0
data,1623119,257,3,20000,-731,3723,379409,10110,raw_ad5933_range4_pga1,0,0,0,0,0,0,0,0,0,0,0
data,1623257,257,4,25000,-956,3659,378183,10464,raw_ad5933_range4_pga1,0,0,0,0,0,0,0,0,0,0,0
data,1623395,257,5,30000,-1170,3596,378155,10802,raw_ad5933_range4_pga1,0,0,0,0,0,0,0,0,0,0,0
data,1623534,257,6,35000,-1375,3524,378275,11131,raw_ad5933_range4_pga1,0,0,0,0,0,0,0,0,0,0,0
data,1623673,257,7,40000,-1573,3429,377258,11464,raw_ad5933_range4_pga1,0,0,0,0,0,0,0,0,0,0,0
data,1623812,257,8,45000,-1765,3344,378121,11782,raw_ad5933_range4_pga1,0,0,0,0,0,0,0,0,0,0,0
data,1623951,257,9,50000,-1955,3230,377557,12118,raw_ad5933_range4_pga1,0,0,0,0,0,0,0,0,0,0,0
data,1624090,257,10,55000,-2129,3114,377222,12435,raw_ad5933_range4_pga1,0,0,0,0,0,0,0,0,0,0,0
data,1624230,257,11,60000,-2287,2987,376199,12743,raw_ad5933_range4_pga1,0,0,0,0,0,0,0,0,0,0,0
data,1624370,257,12,65000,-2452,2855,376342,13065,raw_ad5933_range4_pga1,0,0,0,0,0,0,0,0,0,0,0
data,1624510,257,13,70000,-2601,2713,375840,13379,raw_ad5933_range4_pga1,0,0,0,0,0,0,0,0,0,0,0
data,1624650,257,14,75000,-2747,2562,375631,13699,raw_ad5933_range4_pga1,0,0,0,0,0,0,0,0,0,0,0
data,1624790,257,15,80000,-2884,2400,375199,14023,raw_ad5933_range4_pga1,0,0,0,0,0,0,0,0,0,0,0
data,1624930,257,16,85000,-3006,2227,374106,14346,raw_ad5933_range4_pga1,0,0,0,0,0,0,0,0,0,0,0
data,1625070,257,17,90000,-3116,2067,373924,14644,raw_ad5933_range4_pga1,0,0,0,0,0,0,0,0,0,0,0
data,1625210,257,18,95000,-3226,1880,373383,14976,raw_ad5933_range4_pga1,0,0,0,0,0,0,0,0,0,0,0
data,1625350,257,19,100000,-3315,1696,372366,15290,raw_ad5933_range4_pga1,0,0,0,0,0,0,0,0,0,0,0
status,1625470,257,0,0,0,0,0,0,sweep_end,0,0,0,0,0,0,0,0,0,0,0
status,1628548,0,0,0,0,0,0,0,i2c_pc8_pc9_scan_start
status,1628712,0,0,0,0,0,0,0,i2c_pc8_pc9_found_0x68
status,1628788,0,0,0,0,0,0,0,i2c_pc8_pc9_scan_end_count_1
imu,1628873,0,0,0,0,0,0,0,imu_sample,0x68,0x68,-2628,5696,9388,-370,8,430,-1504,0x00,0
status,1628973,258,0,0,0,0,0,0,sweep_start_5k_to_100k,0,0,0,0,0,0,0,0,0,0,0
data,1629146,258,0,5000,191,3729,373389,8706,raw_ad5933_range4_pga1,0,0,0,0,0,0,0,0,0,0,0
data,1629280,258,1,10000,-223,3762,376860,9339,raw_ad5933_range4_pga1,0,0,0,0,0,0,0,0,0,0,0
data,1629417,258,2,15000,-496,3744,377671,9754,raw_ad5933_range4_pga1,0,0,0,0,0,0,0,0,0,0,0
data,1629553,258,3,20000,-733,3718,378957,10115,raw_ad5933_range4_pga1,0,0,0,0,0,0,0,0,0,0,0
data,1629691,258,4,25000,-960,3658,378187,10470,raw_ad5933_range4_pga1,0,0,0,0,0,0,0,0,0,0,0
data,1629829,258,5,30000,-1170,3595,378060,10802,raw_ad5933_range4_pga1,0,0,0,0,0,0,0,0,0,0,0
data,1629968,258,6,35000,-1376,3530,378870,11129,raw_ad5933_range4_pga1,0,0,0,0,0,0,0,0,0,0,0
data,1630107,258,7,40000,-1566,3442,378150,11446,raw_ad5933_range4_pga1,0,0,0,0,0,0,0,0,0,0,0
data,1630246,258,8,45000,-1764,3342,377898,11782,raw_ad5933_range4_pga1,0,0,0,0,0,0,0,0,0,0,0
data,1630385,258,9,50000,-1947,3240,378000,12100,raw_ad5933_range4_pga1,0,0,0,0,0,0,0,0,0,0,0
data,1630524,258,10,55000,-2123,3117,377132,12425,raw_ad5933_range4_pga1,0,0,0,0,0,0,0,0,0,0,0
data,1630664,258,11,60000,-2292,2995,377138,12742,raw_ad5933_range4_pga1,0,0,0,0,0,0,0,0,0,0,0
data,1630804,258,12,65000,-2452,2855,376342,13065,raw_ad5933_range4_pga1,0,0,0,0,0,0,0,0,0,0,0
data,1630944,258,13,70000,-2599,2713,375702,13377,raw_ad5933_range4_pga1,0,0,0,0,0,0,0,0,0,0,0
data,1631084,258,14,75000,-2748,2560,375568,13702,raw_ad5933_range4_pga1,0,0,0,0,0,0,0,0,0,0,0
data,1631224,258,15,80000,-2880,2403,375084,14015,raw_ad5933_range4_pga1,0,0,0,0,0,0,0,0,0,0,0
data,1631364,258,16,85000,-3005,2233,374384,14338,raw_ad5933_range4_pga1,0,0,0,0,0,0,0,0,0,0,0
data,1631504,258,17,90000,-3123,2052,373682,14669,raw_ad5933_range4_pga1,0,0,0,0,0,0,0,0,0,0,0
data,1631644,258,18,95000,-3221,1884,373153,14967,raw_ad5933_range4_pga1,0,0,0,0,0,0,0,0,0,0,0
data,1631784,258,19,100000,-3314,1702,372551,15281,raw_ad5933_range4_pga1,0,0,0,0,0,0,0,0,0,0,0
status,1631904,258,0,0,0,0,0,0,sweep_end,0,0,0,0,0,0,0,0,0,0,0
status,1634982,0,0,0,0,0,0,0,i2c_pc8_pc9_scan_start
status,1635146,0,0,0,0,0,0,0,i2c_pc8_pc9_found_0x68
status,1635222,0,0,0,0,0,0,0,i2c_pc8_pc9_scan_end_count_1
imu,1635307,0,0,0,0,0,0,0,imu_sample,0x68,0x68,-2628,5556,9268,-282,-25,421,-1504,0x00,0
status,1635410,259,0,0,0,0,0,0,sweep_start_5k_to_100k,0,0,0,0,0,0,0,0,0,0,0
data,1635583,259,0,5000,185,3709,371361,8714,raw_ad5933_range4_pga1,0,0,0,0,0,0,0,0,0,0,0
data,1635717,259,1,10000,-212,3766,377196,9322,raw_ad5933_range4_pga1,0,0,0,0,0,0,0,0,0,0,0
data,1635854,259,2,15000,-501,3742,377539,9762,raw_ad5933_range4_pga1,0,0,0,0,0,0,0,0,0,0,0
data,1635990,259,3,20000,-730,3714,378506,10111,raw_ad5933_range4_pga1,0,0,0,0,0,0,0,0,0,0,0
data,1636128,259,4,25000,-963,3659,378360,10474,raw_ad5933_range4_pga1,0,0,0,0,0,0,0,0,0,0,0
data,1636266,259,5,30000,-1171,3595,378091,10804,raw_ad5933_range4_pga1,0,0,0,0,0,0,0,0,0,0,0
data,1636405,259,6,35000,-1377,3535,379373,11128,raw_ad5933_range4_pga1,0,0,0,0,0,0,0,0,0,0,0
data,1636544,259,7,40000,-1570,3444,378498,11450,raw_ad5933_range4_pga1,0,0,0,0,0,0,0,0,0,0,0
data,1636683,259,8,45000,-1756,3339,377259,11774,raw_ad5933_range4_pga1,0,0,0,0,0,0,0,0,0,0,0
data,1636822,259,9,50000,-1946,3233,377349,12104,raw_ad5933_range4_pga1,0,0,0,0,0,0,0,0,0,0,0
data,1636961,259,10,55000,-2124,3117,377188,12427,raw_ad5933_range4_pga1,0,0,0,0,0,0,0,0,0,0,0
data,1637101,259,11,60000,-2291,2992,376839,12744,raw_ad5933_range4_pga1,0,0,0,0,0,0,0,0,0,0,0
data,1637241,259,12,65000,-2456,2857,376754,13068,raw_ad5933_range4_pga1,0,0,0,0,0,0,0,0,0,0,0
data,1637381,259,13,70000,-2603,2707,375546,13387,raw_ad5933_range4_pga1,0,0,0,0,0,0,0,0,0,0,0
data,1637521,259,14,75000,-2748,2556,375295,13707,raw_ad5933_range4_pga1,0,0,0,0,0,0,0,0,0,0,0
data,1637661,259,15,80000,-2882,2389,374343,14034,raw_ad5933_range4_pga1,0,0,0,0,0,0,0,0,0,0,0
data,1637801,259,16,85000,-3002,2235,374262,14333,raw_ad5933_range4_pga1,0,0,0,0,0,0,0,0,0,0,0
data,1637941,259,17,90000,-3119,2062,373898,14653,raw_ad5933_range4_pga1,0,0,0,0,0,0,0,0,0,0,0
data,1638081,259,18,95000,-3225,1881,373347,14974,raw_ad5933_range4_pga1,0,0,0,0,0,0,0,0,0,0,0
data,1638221,259,19,100000,-3316,1696,372455,15291,raw_ad5933_range4_pga1,0,0,0,0,0,0,0,0,0,0,0
status,1638341,259,0,0,0,0,0,0,sweep_end,0,0,0,0,0,0,0,0,0,0,0
status,1641419,0,0,0,0,0,0,0,i2c_pc8_pc9_scan_start
status,1641583,0,0,0,0,0,0,0,i2c_pc8_pc9_found_0x68
status,1641659,0,0,0,0,0,0,0,i2c_pc8_pc9_scan_end_count_1
imu,1641744,0,0,0,0,0,0,0,imu_sample,0x68,0x68,-2692,5844,9360,-379,16,417,-1536,0x00,0
status,1641846,260,0,0,0,0,0,0,sweep_start_5k_to_100k,0,0,0,0,0,0,0,0,0,0,0
data,1642018,260,0,5000,190,3729,373384,8708,raw_ad5933_range4_pga1,0,0,0,0,0,0,0,0,0,0,0
data,1642152,260,1,10000,-212,3764,376997,9322,raw_ad5933_range4_pga1,0,0,0,0,0,0,0,0,0,0,0
data,1642289,260,2,15000,-494,3746,377843,9751,raw_ad5933_range4_pga1,0,0,0,0,0,0,0,0,0,0,0
data,1642425,260,3,20000,-739,3717,378975,10124,raw_ad5933_range4_pga1,0,0,0,0,0,0,0,0,0,0,0
data,1642563,260,4,25000,-962,3659,378335,10473,raw_ad5933_range4_pga1,0,0,0,0,0,0,0,0,0,0,0
data,1642701,260,5,30000,-1171,3600,378566,10801,raw_ad5933_range4_pga1,0,0,0,0,0,0,0,0,0,0,0
data,1642840,260,6,35000,-1379,3517,377769,11140,raw_ad5933_range4_pga1,0,0,0,0,0,0,0,0,0,0,0
data,1642979,260,7,40000,-1571,3442,378357,11453,raw_ad5933_range4_pga1,0,0,0,0,0,0,0,0,0,0,0
data,1643118,260,8,45000,-1763,3344,378028,11779,raw_ad5933_range4_pga1,0,0,0,0,0,0,0,0,0,0,0
data,1643257,260,9,50000,-1946,3236,377606,12102,raw_ad5933_range4_pga1,0,0,0,0,0,0,0,0,0,0,0
data,1643396,260,10,55000,-2120,3121,377294,12418,raw_ad5933_range4_pga1,0,0,0,0,0,0,0,0,0,0,0
data,1643536,260,11,60000,-2290,2992,376778,12742,raw_ad5933_range4_pga1,0,0,0,0,0,0,0,0,0,0,0
data,1643676,260,12,65000,-2445,2854,375810,13058,raw_ad5933_range4_pga1,0,0,0,0,0,0,0,0,0,0,0
data,1643816,260,13,70000,-2604,2711,375903,13384,raw_ad5933_range4_pga1,0,0,0,0,0,0,0,0,0,0,0
data,1643956,260,14,75000,-2746,2556,375149,13705,raw_ad5933_range4_pga1,0,0,0,0,0,0,0,0,0,0,0
data,1644096,260,15,80000,-2881,2398,374841,14022,raw_ad5933_range4_pga1,0,0,0,0,0,0,0,0,0,0,0
data,1644236,260,16,85000,-3005,2233,374384,14338,raw_ad5933_range4_pga1,0,0,0,0,0,0,0,0,0,0,0
data,1644376,260,17,90000,-3119,2059,373733,14656,raw_ad5933_range4_pga1,0,0,0,0,0,0,0,0,0,0,0
data,1644516,260,18,95000,-3225,1885,373549,14969,raw_ad5933_range4_pga1,0,0,0,0,0,0,0,0,0,0,0
data,1644656,260,19,100000,-3314,1697,372323,15288,raw_ad5933_range4_pga1,0,0,0,0,0,0,0,0,0,0,0
status,1644776,260,0,0,0,0,0,0,sweep_end,0,0,0,0,0,0,0,0,0,0,0
status,1647854,0,0,0,0,0,0,0,i2c_pc8_pc9_scan_start
status,1648018,0,0,0,0,0,0,0,i2c_pc8_pc9_found_0x68
status,1648094,0,0,0,0,0,0,0,i2c_pc8_pc9_scan_end_count_1
imu,1648179,0,0,0,0,0,0,0,imu_sample,0x68,0x68,-2656,5720,9568,-357,-15,430,-1536,0x00,0
status,1648282,261,0,0,0,0,0,0,sweep_start_5k_to_100k,0,0,0,0,0,0,0,0,0,0,0
data,1648455,261,0,5000,191,3739,374388,8707,raw_ad5933_range4_pga1,0,0,0,0,0,0,0,0,0,0,0
data,1648589,261,1,10000,-215,3764,377014,9326,raw_ad5933_range4_pga1,0,0,0,0,0,0,0,0,0,0,0
data,1648726,261,2,15000,-494,3745,377744,9751,raw_ad5933_range4_pga1,0,0,0,0,0,0,0,0,0,0,0
data,1648862,261,3,20000,-742,3716,378936,10129,raw_ad5933_range4_pga1,0,0,0,0,0,0,0,0,0,0,0
data,1649000,261,4,25000,-957,3664,378692,10463,raw_ad5933_range4_pga1,0,0,0,0,0,0,0,0,0,0,0
data,1649138,261,5,30000,-1168,3601,378569,10797,raw_ad5933_range4_pga1,0,0,0,0,0,0,0,0,0,0,0
data,1649277,261,6,35000,-1375,3522,378089,11132,raw_ad5933_range4_pga1,0,0,0,0,0,0,0,0,0,0,0
data,1649416,261,7,40000,-1572,3439,378126,11456,raw_ad5933_range4_pga1,0,0,0,0,0,0,0,0,0,0,0
data,1649555,261,8,45000,-1768,3337,377643,11791,raw_ad5933_range4_pga1,0,0,0,0,0,0,0,0,0,0,0
data,1649694,261,9,50000,-1954,3238,378190,12110,raw_ad5933_range4_pga1,0,0,0,0,0,0,0,0,0,0,0
data,1649833,261,10,55000,-2122,3116,376993,12425,raw_ad5933_range4_pga1,0,0,0,0,0,0,0,0,0,0,0
data,1649973,261,11,60000,-2292,2990,376741,12747,raw_ad5933_range4_pga1,0,0,0,0,0,0,0,0,0,0,0
data,1650113,261,12,65000,-2452,2858,376570,13062,raw_ad5933_range4_pga1,0,0,0,0,0,0,0,0,0,0,0
data,1650253,261,13,70000,-2603,2714,376051,13380,raw_ad5933_range4_pga1,0,0,0,0,0,0,0,0,0,0,0
data,1650393,261,14,75000,-2746,2553,374944,13708,raw_ad5933_range4_pga1,0,0,0,0,0,0,0,0,0,0,0
data,1650533,261,15,80000,-2875,2402,374636,14012,raw_ad5933_range4_pga1,0,0,0,0,0,0,0,0,0,0,0
data,1650673,261,16,85000,-3005,2232,374324,14339,raw_ad5933_range4_pga1,0,0,0,0,0,0,0,0,0,0,0
data,1650813,261,17,90000,-3118,2061,373760,14653,raw_ad5933_range4_pga1,0,0,0,0,0,0,0,0,0,0,0
data,1650953,261,18,95000,-3223,1879,373073,14975,raw_ad5933_range4_pga1,0,0,0,0,0,0,0,0,0,0,0
data,1651093,261,19,100000,-3315,1696,372366,15290,raw_ad5933_range4_pga1,0,0,0,0,0,0,0,0,0,0,0
status,1651213,261,0,0,0,0,0,0,sweep_end,0,0,0,0,0,0,0,0,0,0,0
status,1654291,0,0,0,0,0,0,0,i2c_pc8_pc9_scan_start
status,1654455,0,0,0,0,0,0,0,i2c_pc8_pc9_found_0x68
status,1654531,0,0,0,0,0,0,0,i2c_pc8_pc9_scan_end_count_1
imu,1654616,0,0,0,0,0,0,0,imu_sample,0x68,0x68,-2588,5808,9456,-382,15,419,-1520,0x00,0
status,1654718,262,0,0,0,0,0,0,sweep_start_5k_to_100k,0,0,0,0,0,0,0,0,0,0,0
data,1654890,262,0,5000,186,3733,373763,8714,raw_ad5933_range4_pga1,0,0,0,0,0,0,0,0,0,0,0
data,1655024,262,1,10000,-205,3765,377058,9311,raw_ad5933_range4_pga1,0,0,0,0,0,0,0,0,0,0,0
data,1655161,262,2,15000,-497,3741,377387,9756,raw_ad5933_range4_pga1,0,0,0,0,0,0,0,0,0,0,0
data,1655297,262,3,20000,-736,3717,378917,10120,raw_ad5933_range4_pga1,0,0,0,0,0,0,0,0,0,0,0
data,1655435,262,4,25000,-958,3664,378717,10465,raw_ad5933_range4_pga1,0,0,0,0,0,0,0,0,0,0,0
data,1655573,262,5,30000,-1173,3598,378438,10805,raw_ad5933_range4_pga1,0,0,0,0,0,0,0,0,0,0,0
data,1655712,262,6,35000,-1382,3515,377692,11146,raw_ad5933_range4_pga1,0,0,0,0,0,0,0,0,0,0,0
data,1655851,262,7,40000,-1571,3445,378630,11451,raw_ad5933_range4_pga1,0,0,0,0,0,0,0,0,0,0,0
data,1655990,262,8,45000,-1760,3340,377534,11778,raw_ad5933_range4_pga1,0,0,0,0,0,0,0,0,0,0,0
data,1656129,262,9,50000,-1945,3237,377640,12100,raw_ad5933_range4_pga1,0,0,0,0,0,0,0,0,0,0,0
data,1656268,262,10,55000,-2122,3116,376993,12425,raw_ad5933_range4_pga1,0,0,0,0,0,0,0,0,0,0,0
data,1656408,262,11,60000,-2302,2993,377588,12756,raw_ad5933_range4_pga1,0,0,0,0,0,0,0,0,0,0,0
data,1656548,262,12,65000,-2445,2859,376190,13053,raw_ad5933_range4_pga1,0,0,0,0,0,0,0,0,0,0,0
data,1656688,262,13,70000,-2608,2715,376469,13384,raw_ad5933_range4_pga1,0,0,0,0,0,0,0,0,0,0,0
data,1656828,262,14,75000,-2750,2558,375578,13707,raw_ad5933_range4_pga1,0,0,0,0,0,0,0,0,0,0,0
data,1656968,262,15,80000,-2879,2402,374943,14016,raw_ad5933_range4_pga1,0,0,0,0,0,0,0,0,0,0,0
data,1657108,262,16,85000,-3004,2233,374303,14337,raw_ad5933_range4_pga1,0,0,0,0,0,0,0,0,0,0,0
data,1657248,262,17,90000,-3119,2056,373568,14660,raw_ad5933_range4_pga1,0,0,0,0,0,0,0,0,0,0,0
data,1657388,262,18,95000,-3224,1881,373260,14973,raw_ad5933_range4_pga1,0,0,0,0,0,0,0,0,0,0,0
data,1657528,262,19,100000,-3317,1698,372635,15289,raw_ad5933_range4_pga1,0,0,0,0,0,0,0,0,0,0,0
status,1657648,262,0,0,0,0,0,0,sweep_end,0,0,0,0,0,0,0,0,0,0,0
status,1660726,0,0,0,0,0,0,0,i2c_pc8_pc9_scan_start
status,1660890,0,0,0,0,0,0,0,i2c_pc8_pc9_found_0x68
status,1660966,0,0,0,0,0,0,0,i2c_pc8_pc9_scan_end_count_1
imu,1661051,0,0,0,0,0,0,0,imu_sample,0x68,0x68,-2660,5716,9424,-382,13,432,-1520,0x00,0
status,1661153,263,0,0,0,0,0,0,sweep_start_5k_to_100k,0,0,0,0,0,0,0,0,0,0,0
data,1661325,263,0,5000,190,3730,373484,8708,raw_ad5933_range4_pga1,0,0,0,0,0,0,0,0,0,0,0
data,1661459,263,1,10000,-225,3762,376872,9342,raw_ad5933_range4_pga1,0,0,0,0,0,0,0,0,0,0,0
data,1661596,263,2,15000,-491,3744,377606,9747,raw_ad5933_range4_pga1,0,0,0,0,0,0,0,0,0,0,0
data,1661732,263,3,20000,-738,3715,378759,10123,raw_ad5933_range4_pga1,0,0,0,0,0,0,0,0,0,0,0
data,1661870,263,4,25000,-955,3659,378157,10462,raw_ad5933_range4_pga1,0,0,0,0,0,0,0,0,0,0,0
data,1662008,263,5,30000,-1176,3597,378436,10810,raw_ad5933_range4_pga1,0,0,0,0,0,0,0,0,0,0,0
data,1662147,263,6,35000,-1374,3519,377773,11132,raw_ad5933_range4_pga1,0,0,0,0,0,0,0,0,0,0,0
data,1662286,263,7,40000,-1569,3440,378092,11451,raw_ad5933_range4_pga1,0,0,0,0,0,0,0,0,0,0,0
data,1662425,263,8,45000,-1761,3340,377581,11780,raw_ad5933_range4_pga1,0,0,0,0,0,0,0,0,0,0,0
data,1662564,263,9,50000,-1955,3228,377386,12120,raw_ad5933_range4_pga1,0,0,0,0,0,0,0,0,0,0,0
data,1662703,263,10,55000,-2121,3111,376523,12428,raw_ad5933_range4_pga1,0,0,0,0,0,0,0,0,0,0,0
data,1662843,263,11,60000,-2287,2992,376596,12739,raw_ad5933_range4_pga1,0,0,0,0,0,0,0,0,0,0,0
data,1662983,263,12,65000,-2454,2850,376093,13073,raw_ad5933_range4_pga1,0,0,0,0,0,0,0,0,0,0,0
data,1663123,263,13,70000,-2604,2715,376192,13380,raw_ad5933_range4_pga1,0,0,0,0,0,0,0,0,0,0,0
data,1663263,263,14,75000,-2747,2556,375222,13706,raw_ad5933_range4_pga1,0,0,0,0,0,0,0,0,0,0,0
data,1663403,263,15,80000,-2880,2399,374828,14020,raw_ad5933_range4_pga1,0,0,0,0,0,0,0,0,0,0,0
data,1663543,263,16,85000,-3006,2236,374643,14335,raw_ad5933_range4_pga1,0,0,0,0,0,0,0,0,0,0,0
data,1663683,263,17,90000,-3118,2064,373925,14649,raw_ad5933_range4_pga1,0,0,0,0,0,0,0,0,0,0,0
data,1663823,263,18,95000,-3225,1885,373549,14969,raw_ad5933_range4_pga1,0,0,0,0,0,0,0,0,0,0,0
data,1663963,263,19,100000,-3312,1704,372464,15277,raw_ad5933_range4_pga1,0,0,0,0,0,0,0,0,0,0,0
status,1664083,263,0,0,0,0,0,0,sweep_end,0,0,0,0,0,0,0,0,0,0,0
status,1667161,0,0,0,0,0,0,0,i2c_pc8_pc9_scan_start
status,1667325,0,0,0,0,0,0,0,i2c_pc8_pc9_found_0x68
status,1667401,0,0,0,0,0,0,0,i2c_pc8_pc9_scan_end_count_1
imu,1667486,0,0,0,0,0,0,0,imu_sample,0x68,0x68,-2708,5744,9472,-372,21,422,-1536,0x00,0
status,1667588,264,0,0,0,0,0,0,sweep_start_5k_to_100k,0,0,0,0,0,0,0,0,0,0,0
data,1667760,264,0,5000,188,3733,373773,8711,raw_ad5933_range4_pga1,0,0,0,0,0,0,0,0,0,0,0
data,1667894,264,1,10000,-216,3766,377219,9328,raw_ad5933_range4_pga1,0,0,0,0,0,0,0,0,0,0,0
data,1668031,264,2,15000,-494,3744,377645,9751,raw_ad5933_range4_pga1,0,0,0,0,0,0,0,0,0,0,0
data,1668167,264,3,20000,-747,3722,379622,10134,raw_ad5933_range4_pga1,0,0,0,0,0,0,0,0,0,0,0
data,1668305,264,4,25000,-957,3657,378015,10466,raw_ad5933_range4_pga1,0,0,0,0,0,0,0,0,0,0,0
data,1668443,264,5,30000,-1171,3595,378091,10804,raw_ad5933_range4_pga1,0,0,0,0,0,0,0,0,0,0,0
data,1668582,264,6,35000,-1378,3526,378570,11134,raw_ad5933_range4_pga1,0,0,0,0,0,0,0,0,0,0,0
data,1668721,264,7,40000,-1571,3442,378357,11453,raw_ad5933_range4_pga1,0,0,0,0,0,0,0,0,0,0,0
data,1668860,264,8,45000,-1761,3340,377581,11780,raw_ad5933_range4_pga1,0,0,0,0,0,0,0,0,0,0,0
data,1668999,264,9,50000,-1941,3232,377005,12098,raw_ad5933_range4_pga1,0,0,0,0,0,0,0,0,0,0,0
data,1669138,264,10,55000,-2127,3119,377522,12429,raw_ad5933_range4_pga1,0,0,0,0,0,0,0,0,0,0,0
data,1669278,264,11,60000,-2297,2992,377204,12751,raw_ad5933_range4_pga1,0,0,0,0,0,0,0,0,0,0,0
data,1669418,264,12,65000,-2452,2857,376494,13063,raw_ad5933_range4_pga1,0,0,0,0,0,0,0,0,0,0,0
data,1669558,264,13,70000,-2601,2714,375912,13378,raw_ad5933_range4_pga1,0,0,0,0,0,0,0,0,0,0,0
data,1669698,264,14,75000,-2746,2556,375149,13705,raw_ad5933_range4_pga1,0,0,0,0,0,0,0,0,0,0,0
data,1669838,264,15,80000,-2882,2400,375046,14021,raw_ad5933_range4_pga1,0,0,0,0,0,0,0,0,0,0,0
data,1669978,264,16,85000,-3005,2234,374443,14337,raw_ad5933_range4_pga1,0,0,0,0,0,0,0,0,0,0,0
data,1670118,264,17,90000,-3115,2067,373841,14643,raw_ad5933_range4_pga1,0,0,0,0,0,0,0,0,0,0,0
data,1670258,264,18,95000,-3226,1885,373635,14970,raw_ad5933_range4_pga1,0,0,0,0,0,0,0,0,0,0,0
data,1670398,264,19,100000,-3317,1700,372726,15286,raw_ad5933_range4_pga1,0,0,0,0,0,0,0,0,0,0,0
status,1670518,264,0,0,0,0,0,0,sweep_end,0,0,0,0,0,0,0,0,0,0,0
status,1673596,0,0,0,0,0,0,0,i2c_pc8_pc9_scan_start
status,1673760,0,0,0,0,0,0,0,i2c_pc8_pc9_found_0x68
status,1673836,0,0,0,0,0,0,0,i2c_pc8_pc9_scan_end_count_1
imu,1673921,0,0,0,0,0,0,0,imu_sample,0x68,0x68,-2676,5704,9364,-358,8,397,-1504,0x00,0
status,1674021,265,0,0,0,0,0,0,sweep_start_5k_to_100k,0,0,0,0,0,0,0,0,0,0,0
data,1674194,265,0,5000,201,3732,373741,8691,raw_ad5933_range4_pga1,0,0,0,0,0,0,0,0,0,0,0
data,1674328,265,1,10000,-213,3763,376902,9323,raw_ad5933_range4_pga1,0,0,0,0,0,0,0,0,0,0,0
data,1674465,265,2,15000,-490,3743,377494,9745,raw_ad5933_range4_pga1,0,0,0,0,0,0,0,0,0,0,0
data,1674601,265,3,20000,-744,3714,378779,10132,raw_ad5933_range4_pga1,0,0,0,0,0,0,0,0,0,0,0
data,1674739,265,4,25000,-958,3661,378427,10466,raw_ad5933_range4_pga1,0,0,0,0,0,0,0,0,0,0,0
data,1674877,265,5,30000,-1169,3597,378219,10800,raw_ad5933_range4_pga1,0,0,0,0,0,0,0,0,0,0,0
data,1675016,265,6,35000,-1377,3520,377975,11136,raw_ad5933_range4_pga1,0,0,0,0,0,0,0,0,0,0,0
data,1675155,265,7,40000,-1569,3440,378092,11451,raw_ad5933_range4_pga1,0,0,0,0,0,0,0,0,0,0,0
data,1675294,265,8,45000,-1757,3336,377040,11777,raw_ad5933_range4_pga1,0,0,0,0,0,0,0,0,0,0,0
data,1675433,265,9,50000,-1940,3240,377640,12091,raw_ad5933_range4_pga1,0,0,0,0,0,0,0,0,0,0,0
data,1675572,265,10,55000,-2123,3119,377297,12424,raw_ad5933_range4_pga1,0,0,0,0,0,0,0,0,0,0,0
data,1675712,265,11,60000,-2292,2989,376661,12748,raw_ad5933_range4_pga1,0,0,0,0,0,0,0,0,0,0,0
data,1675852,265,12,65000,-2450,2858,376439,13060,raw_ad5933_range4_pga1,0,0,0,0,0,0,0,0,0,0,0
data,1675992,265,13,70000,-2604,2712,375976,13383,raw_ad5933_range4_pga1,0,0,0,0,0,0,0,0,0,0,0
data,1676132,265,14,75000,-2745,2560,375348,13699,raw_ad5933_range4_pga1,0,0,0,0,0,0,0,0,0,0,0
data,1676272,265,15,80000,-2879,2404,375071,14013,raw_ad5933_range4_pga1,0,0,0,0,0,0,0,0,0,0,0
data,1676412,265,16,85000,-3019,2241,375985,14341,raw_ad5933_range4_pga1,0,0,0,0,0,0,0,0,0,0,0
data,1676552,265,17,90000,-3115,2052,373014,14662,raw_ad5933_range4_pga1,0,0,0,0,0,0,0,0,0,0,0
data,1676692,265,18,95000,-3231,1873,373463,14989,raw_ad5933_range4_pga1,0,0,0,0,0,0,0,0,0,0,0
data,1676832,265,19,100000,-3313,1695,372142,15290,raw_ad5933_range4_pga1,0,0,0,0,0,0,0,0,0,0,0
status,1676952,265,0,0,0,0,0,0,sweep_end,0,0,0,0,0,0,0,0,0,0,0
status,1680030,0,0,0,0,0,0,0,i2c_pc8_pc9_scan_start
status,1680194,0,0,0,0,0,0,0,i2c_pc8_pc9_found_0x68
status,1680270,0,0,0,0,0,0,0,i2c_pc8_pc9_scan_end_count_1
imu,1680355,0,0,0,0,0,0,0,imu_sample,0x68,0x68,-2564,5688,9420,-357,15,428,-1504,0x00,0
status,1680457,266,0,0,0,0,0,0,sweep_start_5k_to_100k,0,0,0,0,0,0,0,0,0,0,0
data,1680629,266,0,5000,185,3733,373758,8716,raw_ad5933_range4_pga1,0,0,0,0,0,0,0,0,0,0,0
data,1680763,266,1,10000,-217,3762,376825,9330,raw_ad5933_range4_pga1,0,0,0,0,0,0,0,0,0,0,0
data,1680900,266,2,15000,-490,3753,378485,9743,raw_ad5933_range4_pga1,0,0,0,0,0,0,0,0,0,0,0
data,1681036,266,3,20000,-733,3712,378368,10117,raw_ad5933_range4_pga1,0,0,0,0,0,0,0,0,0,0,0
data,1681174,266,4,25000,-957,3664,378692,10463,raw_ad5933_range4_pga1,0,0,0,0,0,0,0,0,0,0,0
data,1681312,266,5,30000,-1171,3600,378566,10801,raw_ad5933_range4_pga1,0,0,0,0,0,0,0,0,0,0,0
data,1681451,266,6,35000,-1371,3519,377664,11128,raw_ad5933_range4_pga1,0,0,0,0,0,0,0,0,0,0,0
data,1681590,266,7,40000,-1575,3442,378523,11458,raw_ad5933_range4_pga1,0,0,0,0,0,0,0,0,0,0,0
data,1681729,266,8,45000,-1768,3328,376848,11797,raw_ad5933_range4_pga1,0,0,0,0,0,0,0,0,0,0,0
data,1681868,266,9,50000,-1946,3233,377349,12104,raw_ad5933_range4_pga1,0,0,0,0,0,0,0,0,0,0,0
data,1682007,266,10,55000,-2127,3119,377522,12429,raw_ad5933_range4_pga1,0,0,0,0,0,0,0,0,0,0,0
data,1682147,266,11,60000,-2293,2993,377040,12745,raw_ad5933_range4_pga1,0,0,0,0,0,0,0,0,0,0,0
data,1682287,266,12,65000,-2452,2859,376646,13061,raw_ad5933_range4_pga1,0,0,0,0,0,0,0,0,0,0,0
data,1682427,266,13,70000,-2604,2710,375831,13385,raw_ad5933_range4_pga1,0,0,0,0,0,0,0,0,0,0,0
data,1682567,266,14,75000,-2752,2566,376269,13700,raw_ad5933_range4_pga1,0,0,0,0,0,0,0,0,0,0,0
data,1682707,266,15,80000,-2874,2405,374752,14007,raw_ad5933_range4_pga1,0,0,0,0,0,0,0,0,0,0,0
data,1682847,266,16,85000,-3005,2244,375041,14324,raw_ad5933_range4_pga1,0,0,0,0,0,0,0,0,0,0,0
data,1682987,266,17,90000,-3128,2055,374265,14669,raw_ad5933_range4_pga1,0,0,0,0,0,0,0,0,0,0,0
data,1683127,266,18,95000,-3225,1882,373397,14973,raw_ad5933_range4_pga1,0,0,0,0,0,0,0,0,0,0,0
data,1683267,266,19,100000,-3319,1699,372859,15289,raw_ad5933_range4_pga1,0,0,0,0,0,0,0,0,0,0,0
status,1683387,266,0,0,0,0,0,0,sweep_end,0,0,0,0,0,0,0,0,0,0,0
status,1686465,0,0,0,0,0,0,0,i2c_pc8_pc9_scan_start
status,1686629,0,0,0,0,0,0,0,i2c_pc8_pc9_found_0x68
status,1686705,0,0,0,0,0,0,0,i2c_pc8_pc9_scan_end_count_1
imu,1686790,0,0,0,0,0,0,0,imu_sample,0x68,0x68,-2644,5616,9560,-373,27,419,-1504,0x00,0
status,1686892,267,0,0,0,0,0,0,sweep_start_5k_to_100k,0,0,0,0,0,0,0,0,0,0,0
data,1687064,267,0,5000,190,3730,373484,8708,raw_ad5933_range4_pga1,0,0,0,0,0,0,0,0,0,0,0
data,1687198,267,1,10000,-225,3770,377671,9341,raw_ad5933_range4_pga1,0,0,0,0,0,0,0,0,0,0,0
data,1687335,267,2,15000,-487,3734,376562,9743,raw_ad5933_range4_pga1,0,0,0,0,0,0,0,0,0,0,0
data,1687471,267,3,20000,-740,3713,378602,10127,raw_ad5933_range4_pga1,0,0,0,0,0,0,0,0,0,0,0
data,1687609,267,4,25000,-956,3661,378376,10463,raw_ad5933_range4_pga1,0,0,0,0,0,0,0,0,0,0,0
data,1687747,267,5,30000,-1169,3585,377078,10806,raw_ad5933_range4_pga1,0,0,0,0,0,0,0,0,0,0,0
data,1687886,267,6,35000,-1379,3528,378793,11134,raw_ad5933_range4_pga1,0,0,0,0,0,0,0,0,0,0,0
data,1688025,267,7,40000,-1564,3445,378340,11441,raw_ad5933_range4_pga1,0,0,0,0,0,0,0,0,0,0,0
data,1688164,267,8,45000,-1765,3344,378121,11782,raw_ad5933_range4_pga1,0,0,0,0,0,0,0,0,0,0,0
data,1688303,267,9,50000,-1946,3235,377520,12102,raw_ad5933_range4_pga1,0,0,0,0,0,0,0,0,0,0,0
data,1688442,267,10,55000,-2125,3114,376996,12430,raw_ad5933_range4_pga1,0,0,0,0,0,0,0,0,0,0,0
data,1688582,267,11,60000,-2286,2995,376773,12735,raw_ad5933_range4_pga1,0,0,0,0,0,0,0,0,0,0,0
data,1688722,267,12,65000,-2454,2855,376472,13068,raw_ad5933_range4_pga1,0,0,0,0,0,0,0,0,0,0,0
data,1688862,267,13,70000,-2604,2717,376336,13378,raw_ad5933_range4_pga1,0,0,0,0,0,0,0,0,0,0,0
data,1689002,267,14,75000,-2751,2563,375992,13702,raw_ad5933_range4_pga1,0,0,0,0,0,0,0,0,0,0,0
data,1689142,267,15,80000,-2887,2397,375238,14029,raw_ad5933_range4_pga1,0,0,0,0,0,0,0,0,0,0,0
data,1689282,267,16,85000,-3004,2234,374363,14336,raw_ad5933_range4_pga1,0,0,0,0,0,0,0,0,0,0,0
data,1689422,267,17,90000,-3118,2058,373595,14657,raw_ad5933_range4_pga1,0,0,0,0,0,0,0,0,0,0,0
data,1689562,267,18,95000,-3226,1877,373232,14980,raw_ad5933_range4_pga1,0,0,0,0,0,0,0,0,0,0,0
data,1689702,267,19,100000,-3314,1701,372505,15282,raw_ad5933_range4_pga1,0,0,0,0,0,0,0,0,0,0,0
status,1689822,267,0,0,0,0,0,0,sweep_end,0,0,0,0,0,0,0,0,0,0,0
status,1692900,0,0,0,0,0,0,0,i2c_pc8_pc9_scan_start
status,1693064,0,0,0,0,0,0,0,i2c_pc8_pc9_found_0x68
status,1693140,0,0,0,0,0,0,0,i2c_pc8_pc9_scan_end_count_1
imu,1693225,0,0,0,0,0,0,0,imu_sample,0x68,0x68,-2604,5760,9484,-414,44,421,-1504,0x00,0
status,1693327,268,0,0,0,0,0,0,sweep_start_5k_to_100k,0,0,0,0,0,0,0,0,0,0,0
data,1693499,268,0,5000,193,3728,373299,8703,raw_ad5933_range4_pga1,0,0,0,0,0,0,0,0,0,0,0
data,1693633,268,1,10000,-214,3771,377707,9324,raw_ad5933_range4_pga1,0,0,0,0,0,0,0,0,0,0,0
data,1693770,268,2,15000,-492,3744,377619,9748,raw_ad5933_range4_pga1,0,0,0,0,0,0,0,0,0,0,0
data,1693906,268,3,20000,-737,3715,378740,10122,raw_ad5933_range4_pga1,0,0,0,0,0,0,0,0,0,0,0
data,1694044,268,4,25000,-962,3667,379109,10469,raw_ad5933_range4_pga1,0,0,0,0,0,0,0,0,0,0,0
data,1694182,268,5,30000,-1177,3606,379323,10807,raw_ad5933_range4_pga1,0,0,0,0,0,0,0,0,0,0,0
data,1694321,268,6,35000,-1375,3526,378461,11130,raw_ad5933_range4_pga1,0,0,0,0,0,0,0,0,0,0,0
data,1694460,268,7,40000,-1569,3436,377728,11454,raw_ad5933_range4_pga1,0,0,0,0,0,0,0,0,0,0,0
data,1694599,268,8,45000,-1766,3341,377903,11786,raw_ad5933_range4_pga1,0,0,0,0,0,0,0,0,0,0,0
data,1694738,268,9,50000,-1947,3233,377400,12105,raw_ad5933_range4_pga1,0,0,0,0,0,0,0,0,0,0,0
data,1694877,268,10,55000,-2122,3120,377323,12422,raw_ad5933_range4_pga1,0,0,0,0,0,0,0,0,0,0,0
data,1695017,268,11,60000,-2289,2993,376797,12740,raw_ad5933_range4_pga1,0,0,0,0,0,0,0,0,0,0,0
data,1695157,268,12,65000,-2447,2865,376776,13050,raw_ad5933_range4_pga1,0,0,0,0,0,0,0,0,0,0,0
data,1695297,268,13,70000,-2611,2710,376317,13393,raw_ad5933_range4_pga1,0,0,0,0,0,0,0,0,0,0,0
data,1695437,268,14,75000,-2748,2559,375499,13703,raw_ad5933_range4_pga1,0,0,0,0,0,0,0,0,0,0,0
data,1695577,268,15,80000,-2881,2398,374841,14022,raw_ad5933_range4_pga1,0,0,0,0,0,0,0,0,0,0,0
data,1695717,268,16,85000,-3007,2236,374723,14336,raw_ad5933_range4_pga1,0,0,0,0,0,0,0,0,0,0,0
data,1695857,268,17,90000,-3118,2056,373484,14659,raw_ad5933_range4_pga1,0,0,0,0,0,0,0,0,0,0,0
data,1695997,268,18,95000,-3232,1877,373751,14985,raw_ad5933_range4_pga1,0,0,0,0,0,0,0,0,0,0,0
data,1696137,268,19,100000,-3317,1699,372681,15287,raw_ad5933_range4_pga1,0,0,0,0,0,0,0,0,0,0,0
status,1696257,268,0,0,0,0,0,0,sweep_end,0,0,0,0,0,0,0,0,0,0,0
status,1699335,0,0,0,0,0,0,0,i2c_pc8_pc9_scan_start
status,1699499,0,0,0,0,0,0,0,i2c_pc8_pc9_found_0x68
status,1699575,0,0,0,0,0,0,0,i2c_pc8_pc9_scan_end_count_1
imu,1699660,0,0,0,0,0,0,0,imu_sample,0x68,0x68,-2760,5780,9396,-390,26,398,-1504,0x00,0
status,1699762,269,0,0,0,0,0,0,sweep_start_5k_to_100k,0,0,0,0,0,0,0,0,0,0,0
data,1699934,269,0,5000,190,3729,373384,8708,raw_ad5933_range4_pga1,0,0,0,0,0,0,0,0,0,0,0
data,1700068,269,1,10000,-217,3765,377125,9329,raw_ad5933_range4_pga1,0,0,0,0,0,0,0,0,0,0,0
data,1700205,269,2,15000,-494,3743,377546,9751,raw_ad5933_range4_pga1,0,0,0,0,0,0,0,0,0,0,0
data,1700341,269,3,20000,-742,3711,378445,10130,raw_ad5933_range4_pga1,0,0,0,0,0,0,0,0,0,0,0
data,1700479,269,4,25000,-957,3660,378305,10465,raw_ad5933_range4_pga1,0,0,0,0,0,0,0,0,0,0,0
data,1700617,269,5,30000,-1171,3596,378186,10803,raw_ad5933_range4_pga1,0,0,0,0,0,0,0,0,0,0,0
data,1700756,269,6,35000,-1376,3524,378311,11132,raw_ad5933_range4_pga1,0,0,0,0,0,0,0,0,0,0,0
data,1700895,269,7,40000,-1569,3440,378092,11451,raw_ad5933_range4_pga1,0,0,0,0,0,0,0,0,0,0,0
data,1701034,269,8,45000,-1764,3344,378075,11781,raw_ad5933_range4_pga1,0,0,0,0,0,0,0,0,0,0,0
data,1701173,269,9,50000,-1948,3230,377195,12109,raw_ad5933_range4_pga1,0,0,0,0,0,0,0,0,0,0,0
data,1701312,269,10,55000,-2122,3115,376910,12426,raw_ad5933_range4_pga1,0,0,0,0,0,0,0,0,0,0,0
data,1701452,269,11,60000,-2289,2995,376956,12738,raw_ad5933_range4_pga1,0,0,0,0,0,0,0,0,0,0,0
data,1701592,269,12,65000,-2456,2856,376679,13069,raw_ad5933_range4_pga1,0,0,0,0,0,0,0,0,0,0,0
data,1701732,269,13,70000,-2602,2710,375693,13383,raw_ad5933_range4_pga1,0,0,0,0,0,0,0,0,0,0,0
data,1701872,269,14,75000,-2751,2558,375651,13708,raw_ad5933_range4_pga1,0,0,0,0,0,0,0,0,0,0,0
data,1702012,269,15,80000,-2879,2394,374431,14025,raw_ad5933_range4_pga1,0,0,0,0,0,0,0,0,0,0,0
data,1702152,269,16,85000,-2993,2237,373661,14322,raw_ad5933_range4_pga1,0,0,0,0,0,0,0,0,0,0,0
data,1702292,269,17,90000,-3133,2064,375177,14662,raw_ad5933_range4_pga1,0,0,0,0,0,0,0,0,0,0,0
data,1702432,269,18,95000,-3218,1889,373147,14958,raw_ad5933_range4_pga1,0,0,0,0,0,0,0,0,0,0,0
data,1702572,269,19,100000,-3316,1699,372592,15287,raw_ad5933_range4_pga1,0,0,0,0,0,0,0,0,0,0,0
status,1702692,269,0,0,0,0,0,0,sweep_end,0,0,0,0,0,0,0,0,0,0,0
status,1705770,0,0,0,0,0,0,0,i2c_pc8_pc9_scan_start
status,1705934,0,0,0,0,0,0,0,i2c_pc8_pc9_found_0x68
status,1706010,0,0,0,0,0,0,0,i2c_pc8_pc9_scan_end_count_1
imu,1706095,0,0,0,0,0,0,0,imu_sample,0x68,0x68,-2512,5744,9624,-373,17,411,-1488,0x00,0
status,1706197,270,0,0,0,0,0,0,sweep_start_5k_to_100k,0,0,0,0,0,0,0,0,0,0,0
data,1706369,270,0,5000,187,3734,373868,8713,raw_ad5933_range4_pga1,0,0,0,0,0,0,0,0,0,0,0
data,1706503,270,1,10000,-220,3763,376943,9334,raw_ad5933_range4_pga1,0,0,0,0,0,0,0,0,0,0,0
data,1706640,270,2,15000,-490,3738,376998,9746,raw_ad5933_range4_pga1,0,0,0,0,0,0,0,0,0,0,0
data,1706776,270,3,20000,-735,3714,378603,10119,raw_ad5933_range4_pga1,0,0,0,0,0,0,0,0,0,0,0
data,1706914,270,4,25000,-957,3654,377724,10467,raw_ad5933_range4_pga1,0,0,0,0,0,0,0,0,0,0,0
data,1707052,270,5,30000,-1161,3601,378353,10786,raw_ad5933_range4_pga1,0,0,0,0,0,0,0,0,0,0,0
data,1707191,270,6,35000,-1371,3523,378037,11126,raw_ad5933_range4_pga1,0,0,0,0,0,0,0,0,0,0,0
data,1707330,270,7,40000,-1567,3439,377918,11449,raw_ad5933_range4_pga1,0,0,0,0,0,0,0,0,0,0,0
data,1707469,270,8,45000,-1763,3341,377763,11782,raw_ad5933_range4_pga1,0,0,0,0,0,0,0,0,0,0,0
data,1707608,270,9,50000,-1947,3237,377743,12102,raw_ad5933_range4_pga1,0,0,0,0,0,0,0,0,0,0,0
data,1707747,270,10,55000,-2123,3117,377132,12425,raw_ad5933_range4_pga1,0,0,0,0,0,0,0,0,0,0,0
data,1707887,270,11,60000,-2287,2980,375643,12750,raw_ad5933_range4_pga1,0,0,0,0,0,0,0,0,0,0,0
data,1708027,270,12,65000,-2465,2860,377569,13075,raw_ad5933_range4_pga1,0,0,0,0,0,0,0,0,0,0,0
data,1708167,270,13,70000,-2594,2713,375356,13371,raw_ad5933_range4_pga1,0,0,0,0,0,0,0,0,0,0,0
data,1708307,270,14,75000,-2752,2562,375997,13704,raw_ad5933_range4_pga1,0,0,0,0,0,0,0,0,0,0,0
data,1708447,270,15,80000,-2882,2400,375046,14021,raw_ad5933_range4_pga1,0,0,0,0,0,0,0,0,0,0,0
data,1708587,270,16,85000,-3006,2231,374345,14341,raw_ad5933_range4_pga1,0,0,0,0,0,0,0,0,0,0,0
data,1708727,270,17,90000,-3120,2063,374037,14652,raw_ad5933_range4_pga1,0,0,0,0,0,0,0,0,0,0,0
data,1708867,270,18,95000,-3223,1882,373225,14971,raw_ad5933_range4_pga1,0,0,0,0,0,0,0,0,0,0,0
data,1709007,270,19,100000,-3317,1698,372635,15289,raw_ad5933_range4_pga1,0,0,0,0,0,0,0,0,0,0,0
status,1709127,270,0,0,0,0,0,0,sweep_end,0,0,0,0,0,0,0,0,0,0,0
status,1712205,0,0,0,0,0,0,0,i2c_pc8_pc9_scan_start
status,1712369,0,0,0,0,0,0,0,i2c_pc8_pc9_found_0x68
status,1712445,0,0,0,0,0,0,0,i2c_pc8_pc9_scan_end_count_1
imu,1712530,0,0,0,0,0,0,0,imu_sample,0x68,0x68,-2664,5676,9440,-375,16,425,-1520,0x00,0
status,1712632,271,0,0,0,0,0,0,sweep_start_5k_to_100k,0,0,0,0,0,0,0,0,0,0,0
data,1712804,271,0,5000,188,3738,374272,8712,raw_ad5933_range4_pga1,0,0,0,0,0,0,0,0,0,0,0
data,1712938,271,1,10000,-215,3763,376914,9327,raw_ad5933_range4_pga1,0,0,0,0,0,0,0,0,0,0,0
data,1713075,271,2,15000,-495,3743,377559,9753,raw_ad5933_range4_pga1,0,0,0,0,0,0,0,0,0,0,0
data,1713211,271,3,20000,-749,3699,377407,10144,raw_ad5933_range4_pga1,0,0,0,0,0,0,0,0,0,0,0
data,1713349,271,4,25000,-954,3659,378132,10461,raw_ad5933_range4_pga1,0,0,0,0,0,0,0,0,0,0,0
data,1713487,271,5,30000,-1170,3594,377965,10803,raw_ad5933_range4_pga1,0,0,0,0,0,0,0,0,0,0,0
data,1713626,271,6,35000,-1369,3522,377871,11124,raw_ad5933_range4_pga1,0,0,0,0,0,0,0,0,0,0,0
data,1713765,271,7,40000,-1573,3439,378167,11457,raw_ad5933_range4_pga1,0,0,0,0,0,0,0,0,0,0,0
data,1713904,271,8,45000,-1768,3341,377996,11788,raw_ad5933_range4_pga1,0,0,0,0,0,0,0,0,0,0,0
data,1714043,271,9,50000,-1931,3235,376749,12083,raw_ad5933_range4_pga1,0,0,0,0,0,0,0,0,0,0,0
data,1714182,271,10,55000,-2132,3112,377226,12441,raw_ad5933_range4_pga1,0,0,0,0,0,0,0,0,0,0,0
data,1714322,271,11,60000,-2290,2989,376540,12745,raw_ad5933_range4_pga1,0,0,0,0,0,0,0,0,0,0,0
data,1714462,271,12,65000,-2451,2853,376125,13066,raw_ad5933_range4_pga1,0,0,0,0,0,0,0,0,0,0,0
data,1714602,271,13,70000,-2602,2709,375621,13384,raw_ad5933_range4_pga1,0,0,0,0,0,0,0,0,0,0,0
data,1714742,271,14,75000,-2745,2558,375212,13701,raw_ad5933_range4_pga1,0,0,0,0,0,0,0,0,0,0,0
data,1714882,271,15,80000,-2883,2398,374995,14024,raw_ad5933_range4_pga1,0,0,0,0,0,0,0,0,0,0,0
data,1715022,271,16,85000,-3003,2232,374164,14337,raw_ad5933_range4_pga1,0,0,0,0,0,0,0,0,0,0,0
data,1715162,271,17,90000,-3112,2067,373591,14640,raw_ad5933_range4_pga1,0,0,0,0,0,0,0,0,0,0,0
data,1715302,271,18,95000,-3225,1886,373599,14968,raw_ad5933_range4_pga1,0,0,0,0,0,0,0,0,0,0,0
data,1715442,271,19,100000,-3311,1703,372330,15278,raw_ad5933_range4_pga1,0,0,0,0,0,0,0,0,0,0,0
status,1715562,271,0,0,0,0,0,0,sweep_end,0,0,0,0,0,0,0,0,0,0,0
status,1718640,0,0,0,0,0,0,0,i2c_pc8_pc9_scan_start
status,1718804,0,0,0,0,0,0,0,i2c_pc8_pc9_found_0x68
status,1718880,0,0,0,0,0,0,0,i2c_pc8_pc9_scan_end_count_1
imu,1718965,0,0,0,0,0,0,0,imu_sample,0x68,0x68,-2724,5752,9432,-379,26,417,-1488,0x00,0
status,1719067,272,0,0,0,0,0,0,sweep_start_5k_to_100k,0,0,0,0,0,0,0,0,0,0,0
data,1719239,272,0,5000,190,3730,373484,8708,raw_ad5933_range4_pga1,0,0,0,0,0,0,0,0,0,0,0
data,1719373,272,1,10000,-211,3769,377490,9320,raw_ad5933_range4_pga1,0,0,0,0,0,0,0,0,0,0,0
data,1719510,272,2,15000,-497,3742,377486,9756,raw_ad5933_range4_pga1,0,0,0,0,0,0,0,0,0,0,0
data,1719646,272,3,20000,-739,3713,378583,10125,raw_ad5933_range4_pga1,0,0,0,0,0,0,0,0,0,0,0
data,1719784,272,4,25000,-956,3658,378086,10464,raw_ad5933_range4_pga1,0,0,0,0,0,0,0,0,0,0,0
data,1719922,272,5,30000,-1171,3592,377806,10805,raw_ad5933_range4_pga1,0,0,0,0,0,0,0,0,0,0,0
data,1720061,272,6,35000,-1360,3520,377359,11112,raw_ad5933_range4_pga1,0,0,0,0,0,0,0,0,0,0,0
data,1720200,272,7,40000,-1566,3444,378332,11445,raw_ad5933_range4_pga1,0,0,0,0,0,0,0,0,0,0,0
data,1720339,272,8,45000,-1760,3343,377800,11776,raw_ad5933_range4_pga1,0,0,0,0,0,0,0,0,0,0,0
data,1720478,272,9,50000,-1947,3235,377572,12104,raw_ad5933_range4_pga1,0,0,0,0,0,0,0,0,0,0,0
data,1720617,272,10,55000,-2118,3118,376933,12418,raw_ad5933_range4_pga1,0,0,0,0,0,0,0,0,0,0,0
data,1720757,272,11,60000,-2291,2992,376839,12744,raw_ad5933_range4_pga1,0,0,0,0,0,0,0,0,0,0,0
data,1720897,272,12,65000,-2451,2850,375898,13069,raw_ad5933_range4_pga1,0,0,0,0,0,0,0,0,0,0,0
data,1721037,272,13,70000,-2592,2712,375145,13370,raw_ad5933_range4_pga1,0,0,0,0,0,0,0,0,0,0,0
data,1721177,272,14,75000,-2745,2554,374939,13706,raw_ad5933_range4_pga1,0,0,0,0,0,0,0,0,0,0,0
data,1721317,272,15,80000,-2880,2400,374892,14019,raw_ad5933_range4_pga1,0,0,0,0,0,0,0,0,0,0,0
data,1721457,272,16,85000,-3004,2235,374423,14335,raw_ad5933_range4_pga1,0,0,0,0,0,0,0,0,0,0,0
data,1721597,272,17,90000,-3119,2059,373733,14656,raw_ad5933_range4_pga1,0,0,0,0,0,0,0,0,0,0,0
data,1721737,272,18,95000,-3224,1881,373260,14973,raw_ad5933_range4_pga1,0,0,0,0,0,0,0,0,0,0,0
data,1721877,272,19,100000,-3316,1700,372637,15285,raw_ad5933_range4_pga1,0,0,0,0,0,0,0,0,0,0,0
status,1721997,272,0,0,0,0,0,0,sweep_end,0,0,0,0,0,0,0,0,0,0,0
status,1725075,0,0,0,0,0,0,0,i2c_pc8_pc9_scan_start
status,1725239,0,0,0,0,0,0,0,i2c_pc8_pc9_found_0x68
status,1725315,0,0,0,0,0,0,0,i2c_pc8_pc9_scan_end_count_1
imu,1725400,0,0,0,0,0,0,0,imu_sample,0x68,0x68,-2660,5724,9472,-362,4,413,-1520,0x00,0
status,1725500,273,0,0,0,0,0,0,sweep_start_5k_to_100k,0,0,0,0,0,0,0,0,0,0,0
data,1725673,273,0,5000,189,3731,373578,8710,raw_ad5933_range4_pga1,0,0,0,0,0,0,0,0,0,0,0
data,1725807,273,1,10000,-215,3765,377113,9326,raw_ad5933_range4_pga1,0,0,0,0,0,0,0,0,0,0,0
data,1725944,273,2,15000,-494,3741,377348,9752,raw_ad5933_range4_pga1,0,0,0,0,0,0,0,0,0,0,0
data,1726080,273,3,20000,-741,3720,379308,10126,raw_ad5933_range4_pga1,0,0,0,0,0,0,0,0,0,0,0
data,1726218,273,4,25000,-954,3656,377842,10462,raw_ad5933_range4_pga1,0,0,0,0,0,0,0,0,0,0,0
data,1726356,273,5,30000,-1171,3598,378376,10802,raw_ad5933_range4_pga1,0,0,0,0,0,0,0,0,0,0,0
data,1726495,273,6,35000,-1374,3521,377959,11131,raw_ad5933_range4_pga1,0,0,0,0,0,0,0,0,0,0,0
data,1726634,273,7,40000,-1567,3437,377736,11450,raw_ad5933_range4_pga1,0,0,0,0,0,0,0,0,0,0,0
data,1726773,273,8,45000,-1770,3347,378620,11787,raw_ad5933_range4_pga1,0,0,0,0,0,0,0,0,0,0,0
data,1726912,273,9,50000,-1937,3224,376114,12099,raw_ad5933_range4_pga1,0,0,0,0,0,0,0,0,0,0,0
data,1727051,273,10,55000,-2119,3121,377237,12417,raw_ad5933_range4_pga1,0,0,0,0,0,0,0,0,0,0,0
data,1727191,273,11,60000,-2288,2991,376577,12741,raw_ad5933_range4_pga1,0,0,0,0,0,0,0,0,0,0,0
data,1727331,273,12,65000,-2453,2855,376407,13066,raw_ad5933_range4_pga1,0,0,0,0,0,0,0,0,0,0,0
data,1727471,273,13,70000,-2604,2711,375903,13384,raw_ad5933_range4_pga1,0,0,0,0,0,0,0,0,0,0,0
data,1727611,273,14,75000,-2747,2559,375426,13702,raw_ad5933_range4_pga1,0,0,0,0,0,0,0,0,0,0,0
data,1727751,273,15,80000,-2881,2397,374777,14023,raw_ad5933_range4_pga1,0,0,0,0,0,0,0,0,0,0,0
data,1727891,273,16,85000,-3007,2235,374664,14337,raw_ad5933_range4_pga1,0,0,0,0,0,0,0,0,0,0,0
data,1728031,273,17,90000,-3123,2060,374122,14659,raw_ad5933_range4_pga1,0,0,0,0,0,0,0,0,0,0,0
data,1728171,273,18,95000,-3224,1881,373260,14973,raw_ad5933_range4_pga1,0,0,0,0,0,0,0,0,0,0,0
data,1728311,273,19,100000,-3322,1698,373080,15292,raw_ad5933_range4_pga1,0,0,0,0,0,0,0,0,0,0,0
status,1728431,273,0,0,0,0,0,0,sweep_end,0,0,0,0,0,0,0,0,0,0,0
status,1731509,0,0,0,0,0,0,0,i2c_pc8_pc9_scan_start
status,1731673,0,0,0,0,0,0,0,i2c_pc8_pc9_found_0x68
status,1731749,0,0,0,0,0,0,0,i2c_pc8_pc9_scan_end_count_1
imu,1731834,0,0,0,0,0,0,0,imu_sample,0x68,0x68,-2684,5716,9392,-380,17,431,-1488,0x00,0
status,1731936,274,0,0,0,0,0,0,sweep_start_5k_to_100k,0,0,0,0,0,0,0,0,0,0,0
data,1732108,274,0,5000,189,3729,373379,8709,raw_ad5933_range4_pga1,0,0,0,0,0,0,0,0,0,0,0
data,1732242,274,1,10000,-215,3768,377413,9326,raw_ad5933_range4_pga1,0,0,0,0,0,0,0,0,0,0,0
data,1732379,274,2,15000,-502,3748,378147,9762,raw_ad5933_range4_pga1,0,0,0,0,0,0,0,0,0,0,0
data,1732515,274,3,20000,-739,3717,378975,10124,raw_ad5933_range4_pga1,0,0,0,0,0,0,0,0,0,0,0
data,1732653,274,4,25000,-958,3664,378717,10465,raw_ad5933_range4_pga1,0,0,0,0,0,0,0,0,0,0,0
data,1732791,274,5,30000,-1168,3595,377998,10799,raw_ad5933_range4_pga1,0,0,0,0,0,0,0,0,0,0,0
data,1732930,274,6,35000,-1384,3523,378510,11144,raw_ad5933_range4_pga1,0,0,0,0,0,0,0,0,0,0,0
data,1733069,274,7,40000,-1567,3441,378100,11448,raw_ad5933_range4_pga1,0,0,0,0,0,0,0,0,0,0,0
data,1733208,274,8,45000,-1762,3345,378070,11777,raw_ad5933_range4_pga1,0,0,0,0,0,0,0,0,0,0,0
data,1733347,274,9,50000,-1946,3233,377349,12104,raw_ad5933_range4_pga1,0,0,0,0,0,0,0,0,0,0,0
data,1733486,274,10,55000,-2120,3120,377211,12419,raw_ad5933_range4_pga1,0,0,0,0,0,0,0,0,0,0,0
data,1733626,274,11,60000,-2292,2985,376344,12751,raw_ad5933_range4_pga1,0,0,0,0,0,0,0,0,0,0,0
data,1733766,274,12,65000,-2453,2859,376711,13062,raw_ad5933_range4_pga1,0,0,0,0,0,0,0,0,0,0,0
data,1733906,274,13,70000,-2604,2713,376048,13382,raw_ad5933_range4_pga1,0,0,0,0,0,0,0,0,0,0,0
data,1734046,274,14,75000,-2740,2560,374983,13694,raw_ad5933_range4_pga1,0,0,0,0,0,0,0,0,0,0,0
data,1734186,274,15,80000,-2882,2415,376007,14003,raw_ad5933_range4_pga1,0,0,0,0,0,0,0,0,0,0,0
data,1734326,274,16,85000,-2999,2239,374261,14325,raw_ad5933_range4_pga1,0,0,0,0,0,0,0,0,0,0,0
data,1734466,274,17,90000,-3117,2060,373621,14653,raw_ad5933_range4_pga1,0,0,0,0,0,0,0,0,0,0,0
data,1734606,274,18,95000,-3223,1881,373174,14973,raw_ad5933_range4_pga1,0,0,0,0,0,0,0,0,0,0,0
data,1734746,274,19,100000,-3318,1698,372724,15289,raw_ad5933_range4_pga1,0,0,0,0,0,0,0,0,0,0,0
status,1734865,274,0,0,0,0,0,0,sweep_end,0,0,0,0,0,0,0,0,0,0,0
status,1737944,0,0,0,0,0,0,0,i2c_pc8_pc9_scan_start
status,1738108,0,0,0,0,0,0,0,i2c_pc8_pc9_found_0x68
status,1738184,0,0,0,0,0,0,0,i2c_pc8_pc9_scan_end_count_1
imu,1738269,0,0,0,0,0,0,0,imu_sample,0x68,0x68,-2648,5780,9348,-360,17,409,-1488,0x00,0
status,1738371,275,0,0,0,0,0,0,sweep_start_5k_to_100k,0,0,0,0,0,0,0,0,0,0,0
data,1738543,275,0,5000,191,3730,373489,8706,raw_ad5933_range4_pga1,0,0,0,0,0,0,0,0,0,0,0
data,1738677,275,1,10000,-221,3757,376349,9336,raw_ad5933_range4_pga1,0,0,0,0,0,0,0,0,0,0,0
data,1738814,275,2,15000,-496,3748,378068,9753,raw_ad5933_range4_pga1,0,0,0,0,0,0,0,0,0,0,0
data,1738950,275,3,20000,-734,3715,378682,10117,raw_ad5933_range4_pga1,0,0,0,0,0,0,0,0,0,0,0
data,1739088,275,4,25000,-972,3659,378590,10487,raw_ad5933_range4_pga1,0,0,0,0,0,0,0,0,0,0,0
data,1739226,275,5,30000,-1166,3600,378412,10794,raw_ad5933_range4_pga1,0,0,0,0,0,0,0,0,0,0,0
data,1739365,275,6,35000,-1376,3523,378218,11133,raw_ad5933_range4_pga1,0,0,0,0,0,0,0,0,0,0,0
data,1739504,275,7,40000,-1569,3440,378092,11451,raw_ad5933_range4_pga1,0,0,0,0,0,0,0,0,0,0,0
data,1739643,275,8,45000,-1759,3338,377311,11778,raw_ad5933_range4_pga1,0,0,0,0,0,0,0,0,0,0,0
data,1739782,275,9,50000,-1943,3238,377623,12096,raw_ad5933_range4_pga1,0,0,0,0,0,0,0,0,0,0,0
data,1739921,275,10,55000,-2127,3119,377522,12429,raw_ad5933_range4_pga1,0,0,0,0,0,0,0,0,0,0,0
data,1740061,275,11,60000,-2289,2987,376320,12746,raw_ad5933_range4_pga1,0,0,0,0,0,0,0,0,0,0,0
data,1740201,275,12,65000,-2458,2854,376657,13073,raw_ad5933_range4_pga1,0,0,0,0,0,0,0,0,0,0,0
data,1740341,275,13,70000,-2601,2710,375624,13382,raw_ad5933_range4_pga1,0,0,0,0,0,0,0,0,0,0,0
data,1740481,275,14,75000,-2747,2556,375222,13706,raw_ad5933_range4_pga1,0,0,0,0,0,0,0,0,0,0,0
data,1740621,275,15,80000,-2878,2402,374866,14015,raw_ad5933_range4_pga1,0,0,0,0,0,0,0,0,0,0,0
data,1740761,275,16,85000,-3006,2234,374524,14338,raw_ad5933_range4_pga1,0,0,0,0,0,0,0,0,0,0,0
data,1740901,275,17,90000,-3118,2061,373760,14653,raw_ad5933_range4_pga1,0,0,0,0,0,0,0,0,0,0,0
data,1741041,275,18,95000,-3231,1884,374016,14975,raw_ad5933_range4_pga1,0,0,0,0,0,0,0,0,0,0,0
data,1741181,275,19,100000,-3309,1698,371923,15283,raw_ad5933_range4_pga1,0,0,0,0,0,0,0,0,0,0,0
status,1741301,275,0,0,0,0,0,0,sweep_end,0,0,0,0,0,0,0,0,0,0,0
status,1744379,0,0,0,0,0,0,0,i2c_pc8_pc9_scan_start
status,1744543,0,0,0,0,0,0,0,i2c_pc8_pc9_found_0x68
status,1744619,0,0,0,0,0,0,0,i2c_pc8_pc9_scan_end_count_1
imu,1744704,0,0,0,0,0,0,0,imu_sample,0x68,0x68,-2588,5824,9456,-360,9,420,-1504,0x00,0
status,1744805,276,0,0,0,0,0,0,sweep_start_5k_to_100k,0,0,0,0,0,0,0,0,0,0,0
data,1744977,276,0,5000,194,3733,373804,8702,raw_ad5933_range4_pga1,0,0,0,0,0,0,0,0,0,0,0
data,1745111,276,1,10000,-214,3765,377108,9325,raw_ad5933_range4_pga1,0,0,0,0,0,0,0,0,0,0,0
data,1745248,276,2,15000,-494,3744,377645,9751,raw_ad5933_range4_pga1,0,0,0,0,0,0,0,0,0,0,0
data,1745384,276,3,20000,-741,3706,377935,10130,raw_ad5933_range4_pga1,0,0,0,0,0,0,0,0,0,0,0
data,1745522,276,4,25000,-958,3660,378330,10466,raw_ad5933_range4_pga1,0,0,0,0,0,0,0,0,0,0,0
data,1745660,276,5,30000,-1168,3595,377998,10799,raw_ad5933_range4_pga1,0,0,0,0,0,0,0,0,0,0,0
data,1745799,276,6,35000,-1373,3525,378296,11128,raw_ad5933_range4_pga1,0,0,0,0,0,0,0,0,0,0,0
data,1745938,276,7,40000,-1578,3445,378921,11461,raw_ad5933_range4_pga1,0,0,0,0,0,0,0,0,0,0,0
data,1746077,276,8,45000,-1756,3335,376905,11776,raw_ad5933_range4_pga1,0,0,0,0,0,0,0,0,0,0,0
data,1746216,276,9,50000,-1946,3225,376664,12110,raw_ad5933_range4_pga1,0,0,0,0,0,0,0,0,0,0,0
data,1746355,276,10,55000,-2116,3118,376821,12416,raw_ad5933_range4_pga1,0,0,0,0,0,0,0,0,0,0,0
data,1746495,276,11,60000,-2289,2985,376161,12748,raw_ad5933_range4_pga1,0,0,0,0,0,0,0,0,0,0,0
data,1746635,276,12,65000,-2448,2859,376385,13057,raw_ad5933_range4_pga1,0,0,0,0,0,0,0,0,0,0,0
data,1746775,276,13,70000,-2601,2710,375624,13382,raw_ad5933_range4_pga1,0,0,0,0,0,0,0,0,0,0,0
data,1746915,276,14,75000,-2750,2554,375305,13711,raw_ad5933_range4_pga1,0,0,0,0,0,0,0,0,0,0,0
data,1747055,276,15,80000,-2871,2399,374137,14011,raw_ad5933_range4_pga1,0,0,0,0,0,0,0,0,0,0,0
data,1747195,276,16,85000,-3008,2245,375341,14326,raw_ad5933_range4_pga1,0,0,0,0,0,0,0,0,0,0,0
data,1747335,276,17,90000,-3120,2063,374037,14652,raw_ad5933_range4_pga1,0,0,0,0,0,0,0,0,0,0,0
data,1747475,276,18,95000,-3225,1881,373347,14974,raw_ad5933_range4_pga1,0,0,0,0,0,0,0,0,0,0,0
data,1747615,276,19,100000,-3314,1700,372459,15284,raw_ad5933_range4_pga1,0,0,0,0,0,0,0,0,0,0,0
status,1747735,276,0,0,0,0,0,0,sweep_end,0,0,0,0,0,0,0,0,0,0,0
status,1750813,0,0,0,0,0,0,0,i2c_pc8_pc9_scan_start
status,1750977,0,0,0,0,0,0,0,i2c_pc8_pc9_found_0x68
status,1751053,0,0,0,0,0,0,0,i2c_pc8_pc9_scan_end_count_1
imu,1751138,0,0,0,0,0,0,0,imu_sample,0x68,0x68,-2604,5704,9448,-389,10,417,-1504,0x00,0
status,1751240,277,0,0,0,0,0,0,sweep_start_5k_to_100k,0,0,0,0,0,0,0,0,0,0,0
data,1751412,277,0,5000,188,3727,373174,8711,raw_ad5933_range4_pga1,0,0,0,0,0,0,0,0,0,0,0
data,1751546,277,1,10000,-219,3763,376937,9333,raw_ad5933_range4_pga1,0,0,0,0,0,0,0,0,0,0,0
data,1751683,277,2,15000,-487,3743,377455,9741,raw_ad5933_range4_pga1,0,0,0,0,0,0,0,0,0,0,0
data,1751819,277,3,20000,-735,3715,378701,10119,raw_ad5933_range4_pga1,0,0,0,0,0,0,0,0,0,0,0
data,1751957,277,4,25000,-959,3661,378452,10467,raw_ad5933_range4_pga1,0,0,0,0,0,0,0,0,0,0,0
data,1752095,277,5,30000,-1169,3604,378885,10797,raw_ad5933_range4_pga1,0,0,0,0,0,0,0,0,0,0,0
data,1752234,277,6,35000,-1379,3527,378700,11135,raw_ad5933_range4_pga1,0,0,0,0,0,0,0,0,0,0,0
data,1752373,277,7,40000,-1573,3447,378895,11452,raw_ad5933_range4_pga1,0,0,0,0,0,0,0,0,0,0,0
data,1752512,277,8,45000,-1765,3344,378121,11782,raw_ad5933_range4_pga1,0,0,0,0,0,0,0,0,0,0,0
data,1752651,277,9,50000,-1946,3232,377263,12105,raw_ad5933_range4_pga1,0,0,0,0,0,0,0,0,0,0,0
data,1752790,277,10,55000,-2125,3117,377244,12428,raw_ad5933_range4_pga1,0,0,0,0,0,0,0,0,0,0,0
data,1752930,277,11,60000,-2291,2991,376759,12745,raw_ad5933_range4_pga1,0,0,0,0,0,0,0,0,0,0,0
data,1753070,277,12,65000,-2455,2860,376917,13064,raw_ad5933_range4_pga1,0,0,0,0,0,0,0,0,0,0,0
data,1753210,277,13,70000,-2603,2711,375834,13383,raw_ad5933_range4_pga1,0,0,0,0,0,0,0,0,0,0,0
data,1753350,277,14,75000,-2746,2555,375081,13706,raw_ad5933_range4_pga1,0,0,0,0,0,0,0,0,0,0,0
data,1753490,277,15,80000,-2878,2402,374866,14015,raw_ad5933_range4_pga1,0,0,0,0,0,0,0,0,0,0,0
data,1753630,277,16,85000,-3004,2233,374303,14337,raw_ad5933_range4_pga1,0,0,0,0,0,0,0,0,0,0,0
data,1753770,277,17,90000,-3119,2064,374009,14650,raw_ad5933_range4_pga1,0,0,0,0,0,0,0,0,0,0,0
data,1753910,277,18,95000,-3225,1881,373347,14974,raw_ad5933_range4_pga1,0,0,0,0,0,0,0,0,0,0,0
data,1754050,277,19,100000,-3316,1700,372637,15285,raw_ad5933_range4_pga1,0,0,0,0,0,0,0,0,0,0,0
status,1754170,277,0,0,0,0,0,0,sweep_end,0,0,0,0,0,0,0,0,0,0,0
status,1757248,0,0,0,0,0,0,0,i2c_pc8_pc9_scan_start
status,1757412,0,0,0,0,0,0,0,i2c_pc8_pc9_found_0x68
status,1757488,0,0,0,0,0,0,0,i2c_pc8_pc9_scan_end_count_1
imu,1757573,0,0,0,0,0,0,0,imu_sample,0x68,0x68,-2736,5640,9660,-360,25,427,-1488,0x00,0
status,1757675,278,0,0,0,0,0,0,sweep_start_5k_to_100k,0,0,0,0,0,0,0,0,0,0,0
data,1757847,278,0,5000,191,3730,373489,8706,raw_ad5933_range4_pga1,0,0,0,0,0,0,0,0,0,0,0
data,1757981,278,1,10000,-216,3768,377419,9328,raw_ad5933_range4_pga1,0,0,0,0,0,0,0,0,0,0,0
data,1758118,278,2,15000,-493,3747,377929,9749,raw_ad5933_range4_pga1,0,0,0,0,0,0,0,0,0,0,0
data,1758254,278,3,20000,-737,3714,378642,10122,raw_ad5933_range4_pga1,0,0,0,0,0,0,0,0,0,0,0
data,1758392,278,4,25000,-952,3658,377985,10458,raw_ad5933_range4_pga1,0,0,0,0,0,0,0,0,0,0,0
data,1758530,278,5,30000,-1172,3599,378502,10803,raw_ad5933_range4_pga1,0,0,0,0,0,0,0,0,0,0,0
data,1758669,278,6,35000,-1372,3525,378259,11126,raw_ad5933_range4_pga1,0,0,0,0,0,0,0,0,0,0,0
data,1758808,278,7,40000,-1570,3440,378134,11453,raw_ad5933_range4_pga1,0,0,0,0,0,0,0,0,0,0,0
data,1758947,278,8,45000,-1764,3340,377721,11784,raw_ad5933_range4_pga1,0,0,0,0,0,0,0,0,0,0,0
data,1759086,278,9,50000,-1942,3237,377486,12096,raw_ad5933_range4_pga1,0,0,0,0,0,0,0,0,0,0,0
data,1759225,278,10,55000,-2120,3125,377625,12415,raw_ad5933_range4_pga1,0,0,0,0,0,0,0,0,0,0,0
data,1759365,278,11,60000,-2292,2998,377376,12739,raw_ad5933_range4_pga1,0,0,0,0,0,0,0,0,0,0,0
data,1759505,278,12,65000,-2454,2859,376776,13064,raw_ad5933_range4_pga1,0,0,0,0,0,0,0,0,0,0,0
data,1759645,278,13,70000,-2604,2709,375759,13386,raw_ad5933_range4_pga1,0,0,0,0,0,0,0,0,0,0,0
data,1759785,278,14,75000,-2744,2558,375139,13700,raw_ad5933_range4_pga1,0,0,0,0,0,0,0,0,0,0,0
data,1759925,278,15,80000,-2878,2402,374866,14015,raw_ad5933_range4_pga1,0,0,0,0,0,0,0,0,0,0,0
data,1760065,278,16,85000,-3003,2233,374223,14336,raw_ad5933_range4_pga1,0,0,0,0,0,0,0,0,0,0,0
data,1760205,278,17,90000,-3113,2063,373453,14646,raw_ad5933_range4_pga1,0,0,0,0,0,0,0,0,0,0,0
data,1760345,278,18,95000,-3220,1883,373016,14968,raw_ad5933_range4_pga1,0,0,0,0,0,0,0,0,0,0,0
data,1760485,278,19,100000,-3323,1703,373397,15286,raw_ad5933_range4_pga1,0,0,0,0,0,0,0,0,0,0,0
status,1760605,278,0,0,0,0,0,0,sweep_end,0,0,0,0,0,0,0,0,0,0,0
status,1763683,0,0,0,0,0,0,0,i2c_pc8_pc9_scan_start
status,1763847,0,0,0,0,0,0,0,i2c_pc8_pc9_found_0x68
status,1763923,0,0,0,0,0,0,0,i2c_pc8_pc9_scan_end_count_1
imu,1764008,0,0,0,0,0,0,0,imu_sample,0x68,0x68,-2692,5752,9524,-369,18,409,-1504,0x00,0
status,1764110,279,0,0,0,0,0,0,sweep_start_5k_to_100k,0,0,0,0,0,0,0,0,0,0,0
data,1764282,279,0,5000,193,3726,373100,8703,raw_ad5933_range4_pga1,0,0,0,0,0,0,0,0,0,0,0
data,1764416,279,1,10000,-219,3765,377136,9332,raw_ad5933_range4_pga1,0,0,0,0,0,0,0,0,0,0,0
data,1764553,279,2,15000,-497,3742,377486,9756,raw_ad5933_range4_pga1,0,0,0,0,0,0,0,0,0,0,0
data,1764689,279,3,20000,-742,3716,378936,10129,raw_ad5933_range4_pga1,0,0,0,0,0,0,0,0,0,0,0
data,1764827,279,4,25000,-960,3658,378187,10470,raw_ad5933_range4_pga1,0,0,0,0,0,0,0,0,0,0,0
data,1764965,279,5,30000,-1169,3596,378124,10800,raw_ad5933_range4_pga1,0,0,0,0,0,0,0,0,0,0,0
data,1765104,279,6,35000,-1376,3519,377846,11135,raw_ad5933_range4_pga1,0,0,0,0,0,0,0,0,0,0,0
data,1765243,279,7,40000,-1564,3434,377339,11448,raw_ad5933_range4_pga1,0,0,0,0,0,0,0,0,0,0,0
data,1765382,279,8,45000,-1765,3351,378740,11777,raw_ad5933_range4_pga1,0,0,0,0,0,0,0,0,0,0,0
data,1765521,279,9,50000,-1941,3232,377005,12098,raw_ad5933_range4_pga1,0,0,0,0,0,0,0,0,0,0,0
data,1765660,279,10,55000,-2121,3114,376771,12425,raw_ad5933_range4_pga1,0,0,0,0,0,0,0,0,0,0,0
data,1765800,279,11,60000,-2289,2992,376717,12741,raw_ad5933_range4_pga1,0,0,0,0,0,0,0,0,0,0,0
data,1765940,279,12,65000,-2452,2859,376646,13061,raw_ad5933_range4_pga1,0,0,0,0,0,0,0,0,0,0,0
data,1766080,279,13,70000,-2603,2716,376195,13378,raw_ad5933_range4_pga1,0,0,0,0,0,0,0,0,0,0,0
data,1766220,279,14,75000,-2744,2565,375616,13693,raw_ad5933_range4_pga1,0,0,0,0,0,0,0,0,0,0,0
data,1766360,279,15,80000,-2875,2404,374764,14009,raw_ad5933_range4_pga1,0,0,0,0,0,0,0,0,0,0,0
data,1766500,279,16,85000,-3010,2229,374547,14347,raw_ad5933_range4_pga1,0,0,0,0,0,0,0,0,0,0,0
data,1766640,279,17,90000,-3124,2052,373766,14670,raw_ad5933_range4_pga1,0,0,0,0,0,0,0,0,0,0,0
data,1766780,279,18,95000,-3232,1888,374304,14970,raw_ad5933_range4_pga1,0,0,0,0,0,0,0,0,0,0,0
data,1766920,279,19,100000,-3318,1696,372633,15292,raw_ad5933_range4_pga1,0,0,0,0,0,0,0,0,0,0,0
status,1767040,279,0,0,0,0,0,0,sweep_end,0,0,0,0,0,0,0,0,0,0,0
status,1770118,0,0,0,0,0,0,0,i2c_pc8_pc9_scan_start
status,1770282,0,0,0,0,0,0,0,i2c_pc8_pc9_found_0x68
status,1770358,0,0,0,0,0,0,0,i2c_pc8_pc9_scan_end_count_1
imu,1770443,0,0,0,0,0,0,0,imu_sample,0x68,0x68,-2616,5676,9560,-370,4,417,-1488,0x00,0
status,1770544,280,0,0,0,0,0,0,sweep_start_5k_to_100k,0,0,0,0,0,0,0,0,0,0,0
data,1770716,280,0,5000,188,3728,373274,8711,raw_ad5933_range4_pga1,0,0,0,0,0,0,0,0,0,0,0
data,1770850,280,1,10000,-226,3765,377178,9343,raw_ad5933_range4_pga1,0,0,0,0,0,0,0,0,0,0,0
data,1770987,280,2,15000,-482,3747,377787,9733,raw_ad5933_range4_pga1,0,0,0,0,0,0,0,0,0,0,0
data,1771123,280,3,20000,-738,3719,379152,10122,raw_ad5933_range4_pga1,0,0,0,0,0,0,0,0,0,0,0
data,1771261,280,4,25000,-956,3657,377989,10465,raw_ad5933_range4_pga1,0,0,0,0,0,0,0,0,0,0,0
data,1771399,280,5,30000,-1166,3607,379078,10791,raw_ad5933_range4_pga1,0,0,0,0,0,0,0,0,0,0,0
data,1771538,280,6,35000,-1376,3533,379150,11127,raw_ad5933_range4_pga1,0,0,0,0,0,0,0,0,0,0,0
data,1771677,280,7,40000,-1572,3441,378308,11455,raw_ad5933_range4_pga1,0,0,0,0,0,0,0,0,0,0,0
data,1771816,280,8,45000,-1765,3341,377856,11784,raw_ad5933_range4_pga1,0,0,0,0,0,0,0,0,0,0,0
data,1771955,280,9,50000,-1946,3236,377606,12102,raw_ad5933_range4_pga1,0,0,0,0,0,0,0,0,0,0,0
data,1772094,280,10,55000,-2123,3119,377297,12424,raw_ad5933_range4_pga1,0,0,0,0,0,0,0,0,0,0,0
data,1772234,280,11,60000,-2278,2988,375732,12732,raw_ad5933_range4_pga1,0,0,0,0,0,0,0,0,0,0,0
data,1772374,280,12,65000,-2452,2867,377253,13053,raw_ad5933_range4_pga1,0,0,0,0,0,0,0,0,0,0,0
data,1772514,280,13,70000,-2601,2712,375768,13380,raw_ad5933_range4_pga1,0,0,0,0,0,0,0,0,0,0,0
data,1772654,280,14,75000,-2744,2562,375412,13696,raw_ad5933_range4_pga1,0,0,0,0,0,0,0,0,0,0,0
data,1772794,280,15,80000,-2879,2399,374751,14019,raw_ad5933_range4_pga1,0,0,0,0,0,0,0,0,0,0,0
data,1772934,280,16,85000,-3003,2232,374164,14337,raw_ad5933_range4_pga1,0,0,0,0,0,0,0,0,0,0,0
data,1773074,280,17,90000,-3118,2059,373650,14656,raw_ad5933_range4_pga1,0,0,0,0,0,0,0,0,0,0,0
data,1773214,280,18,95000,-3226,1881,373433,14975,raw_ad5933_range4_pga1,0,0,0,0,0,0,0,0,0,0,0
data,1773354,280,19,100000,-3317,1698,372635,15289,raw_ad5933_range4_pga1,0,0,0,0,0,0,0,0,0,0,0
status,1773474,280,0,0,0,0,0,0,sweep_end,0,0,0,0,0,0,0,0,0,0,0
status,1776552,0,0,0,0,0,0,0,i2c_pc8_pc9_scan_start
status,1776716,0,0,0,0,0,0,0,i2c_pc8_pc9_found_0x68
status,1776792,0,0,0,0,0,0,0,i2c_pc8_pc9_scan_end_count_1
imu,1776877,0,0,0,0,0,0,0,imu_sample,0x68,0x68,-2712,5716,9336,-363,8,414,-1488,0x00,0
status,1776977,281,0,0,0,0,0,0,sweep_start_5k_to_100k,0,0,0,0,0,0,0,0,0,0,0
data,1777150,281,0,5000,193,3729,373399,8703,raw_ad5933_range4_pga1,0,0,0,0,0,0,0,0,0,0,0
data,1777284,281,1,10000,-216,3770,377618,9327,raw_ad5933_range4_pga1,0,0,0,0,0,0,0,0,0,0,0
data,1777421,281,2,15000,-494,3743,377546,9751,raw_ad5933_range4_pga1,0,0,0,0,0,0,0,0,0,0,0
data,1777557,281,3,20000,-747,3721,379524,10135,raw_ad5933_range4_pga1,0,0,0,0,0,0,0,0,0,0,0
data,1777695,281,4,25000,-960,3664,378768,10468,raw_ad5933_range4_pga1,0,0,0,0,0,0,0,0,0,0,0
data,1777833,281,5,30000,-1168,3598,378283,10798,raw_ad5933_range4_pga1,0,0,0,0,0,0,0,0,0,0,0
data,1777972,281,6,35000,-1376,3527,378591,11131,raw_ad5933_range4_pga1,0,0,0,0,0,0,0,0,0,0,0
data,1778111,281,7,40000,-1571,3442,378357,11453,raw_ad5933_range4_pga1,0,0,0,0,0,0,0,0,0,0,0
data,1778250,281,8,45000,-1763,3341,377763,11782,raw_ad5933_range4_pga1,0,0,0,0,0,0,0,0,0,0,0
data,1778389,281,9,50000,-1949,3233,377504,12108,raw_ad5933_range4_pga1,0,0,0,0,0,0,0,0,0,0,0
data,1778528,281,10,55000,-2130,3113,377196,12438,raw_ad5933_range4_pga1,0,0,0,0,0,0,0,0,0,0,0
data,1778668,281,11,60000,-2287,2992,376596,12739,raw_ad5933_range4_pga1,0,0,0,0,0,0,0,0,0,0,0
data,1778808,281,12,65000,-2450,2856,376288,13062,raw_ad5933_range4_pga1,0,0,0,0,0,0,0,0,0,0,0
data,1778948,281,13,70000,-2604,2714,376120,13381,raw_ad5933_range4_pga1,0,0,0,0,0,0,0,0,0,0,0
data,1779088,281,14,75000,-2749,2558,375505,13706,raw_ad5933_range4_pga1,0,0,0,0,0,0,0,0,0,0,0
data,1779228,281,15,80000,-2877,2401,374726,14015,raw_ad5933_range4_pga1,0,0,0,0,0,0,0,0,0,0,0
data,1779368,281,16,85000,-3004,2233,374303,14337,raw_ad5933_range4_pga1,0,0,0,0,0,0,0,0,0,0,0
data,1779508,281,17,90000,-3116,2068,373980,14642,raw_ad5933_range4_pga1,0,0,0,0,0,0,0,0,0,0,0
data,1779648,281,18,95000,-3218,1889,373147,14958,raw_ad5933_range4_pga1,0,0,0,0,0,0,0,0,0,0,0
data,1779788,281,19,100000,-3318,1694,372542,15295,raw_ad5933_range4_pga1,0,0,0,0,0,0,0,0,0,0,0
status,1779907,281,0,0,0,0,0,0,sweep_end,0,0,0,0,0,0,0,0,0,0,0
status,1782986,0,0,0,0,0,0,0,i2c_pc8_pc9_scan_start
status,1783150,0,0,0,0,0,0,0,i2c_pc8_pc9_found_0x68
status,1783226,0,0,0,0,0,0,0,i2c_pc8_pc9_scan_end_count_1
imu,1783311,0,0,0,0,0,0,0,imu_sample,0x68,0x68,-2584,5740,9424,-344,-9,412,-1504,0x00,0
status,1783413,282,0,0,0,0,0,0,sweep_start_5k_to_100k,0,0,0,0,0,0,0,0,0,0,0
data,1783585,282,0,5000,195,3731,373609,8700,raw_ad5933_range4_pga1,0,0,0,0,0,0,0,0,0,0,0
data,1783719,282,1,10000,-219,3769,377536,9332,raw_ad5933_range4_pga1,0,0,0,0,0,0,0,0,0,0,0
data,1783856,282,2,15000,-499,3734,376719,9761,raw_ad5933_range4_pga1,0,0,0,0,0,0,0,0,0,0,0
data,1783992,282,3,20000,-741,3714,378720,10128,raw_ad5933_range4_pga1,0,0,0,0,0,0,0,0,0,0,0
data,1784130,282,4,25000,-955,3663,378545,10461,raw_ad5933_range4_pga1,0,0,0,0,0,0,0,0,0,0,0
data,1784268,282,5,30000,-1170,3600,378535,10800,raw_ad5933_range4_pga1,0,0,0,0,0,0,0,0,0,0,0
data,1784407,282,6,35000,-1372,3526,378353,11126,raw_ad5933_range4_pga1,0,0,0,0,0,0,0,0,0,0,0
data,1784546,282,7,40000,-1571,3435,377720,11457,raw_ad5933_range4_pga1,0,0,0,0,0,0,0,0,0,0,0
data,1784685,282,8,45000,-1766,3339,377726,11787,raw_ad5933_range4_pga1,0,0,0,0,0,0,0,0,0,0,0
data,1784824,282,9,50000,-1950,3230,377298,12112,raw_ad5933_range4_pga1,0,0,0,0,0,0,0,0,0,0,0
data,1784963,282,10,55000,-2124,3115,377023,12428,raw_ad5933_range4_pga1,0,0,0,0,0,0,0,0,0,0,0
data,1785103,282,11,60000,-2293,2990,376802,12748,raw_ad5933_range4_pga1,0,0,0,0,0,0,0,0,0,0,0
data,1785243,282,12,65000,-2452,2856,376418,13064,raw_ad5933_range4_pga1,0,0,0,0,0,0,0,0,0,0,0
data,1785383,282,13,70000,-2602,2714,375981,13379,raw_ad5933_range4_pga1,0,0,0,0,0,0,0,0,0,0,0
data,1785523,282,14,75000,-2751,2568,376333,13697,raw_ad5933_range4_pga1,0,0,0,0,0,0,0,0,0,0,0
data,1785663,282,15,80000,-2883,2407,375571,14014,raw_ad5933_range4_pga1,0,0,0,0,0,0,0,0,0,0,0
data,1785803,282,16,85000,-3003,2233,374223,14336,raw_ad5933_range4_pga1,0,0,0,0,0,0,0,0,0,0,0
data,1785943,282,17,90000,-3117,2062,373732,14651,raw_ad5933_range4_pga1,0,0,0,0,0,0,0,0,0,0,0
data,1786083,282,18,95000,-3225,1881,373347,14974,raw_ad5933_range4_pga1,0,0,0,0,0,0,0,0,0,0,0
data,1786223,282,19,100000,-3316,1698,372546,15288,raw_ad5933_range4_pga1,0,0,0,0,0,0,0,0,0,0,0
# automatic_capture_complete,complete_sweeps=30,finished=2026-08-23 22:49:05
