# automatic_capture,target_complete_sweeps=30,port=COM5,baud=115200,started=2026-08-26 13:05:27
data,660169,106,3,20000,-22,3146,314608,9040,raw_ad5933_range4_pga1,0,0,0,0,0,0,0,0,0,0,0
data,660303,106,4,25000,-328,3158,317499,9592,raw_ad5933_range4_pga1,0,0,0,0,0,0,0,0,0,0,0
data,660439,106,5,30000,-593,3140,319550,10069,raw_ad5933_range4_pga1,0,0,0,0,0,0,0,0,0,0,0
data,660575,106,6,35000,-826,3094,320236,10494,raw_ad5933_range4_pga1,0,0,0,0,0,0,0,0,0,0,0
data,660712,106,7,40000,-1042,3036,320984,10894,raw_ad5933_range4_pga1,0,0,0,0,0,0,0,0,0,0,0
data,660850,106,8,45000,-1249,2959,321180,11288,raw_ad5933_range4_pga1,0,0,0,0,0,0,0,0,0,0,0
data,660988,106,9,50000,-1439,2874,321412,11659,raw_ad5933_range4_pga1,0,0,0,0,0,0,0,0,0,0,0
data,661126,106,10,55000,-1608,2782,321328,12002,raw_ad5933_range4_pga1,0,0,0,0,0,0,0,0,0,0,0
data,661264,106,11,60000,-1790,2669,321367,12384,raw_ad5933_range4_pga1,0,0,0,0,0,0,0,0,0,0,0
data,661403,106,12,65000,-1933,2560,320782,12705,raw_ad5933_range4_pga1,0,0,0,0,0,0,0,0,0,0,0
data,661542,106,13,70000,-2085,2438,320797,13053,raw_ad5933_range4_pga1,0,0,0,0,0,0,0,0,0,0,0
data,661681,106,14,75000,-2223,2304,320158,13397,raw_ad5933_range4_pga1,0,0,0,0,0,0,0,0,0,0,0
data,661820,106,15,80000,-2355,2173,320436,13730,raw_ad5933_range4_pga1,0,0,0,0,0,0,0,0,0,0,0
data,661959,106,16,85000,-2473,2029,319884,14063,raw_ad5933_range4_pga1,0,0,0,0,0,0,0,0,0,0,0
data,662098,106,17,90000,-2585,1884,319870,14391,raw_ad5933_range4_pga1,0,0,0,0,0,0,0,0,0,0,0
data,662237,106,18,95000,-2680,1711,317961,14744,raw_ad5933_range4_pga1,0,0,0,0,0,0,0,0,0,0,0
data,662376,106,19,100000,-2777,1563,318664,15062,raw_ad5933_range4_pga1,0,0,0,0,0,0,0,0,0,0,0
status,662494,106,0,0,0,0,0,0,sweep_end,0,0,0,0,0,0,0,0,0,0,0
status,665572,0,0,0,0,0,0,0,i2c_pc8_pc9_scan_start
status,665735,0,0,0,0,0,0,0,i2c_pc8_pc9_found_0x68
status,665810,0,0,0,0,0,0,0,i2c_pc8_pc9_scan_end_count_1
imu,665882,0,0,0,0,0,0,0,imu_not_ready,0x68,0xFF,0,0,0,0,0,0,0,0x00,0
status,665963,107,0,0,0,0,0,0,sweep_start_5k_to_100k,0,0,0,0,0,0,0,0,0,0,0
data,666135,107,0,5000,1306,1902,230721,5552,raw_ad5933_range4_pga1,0,0,0,0,0,0,0,0,0,0,0
data,666269,107,1,10000,819,2766,288470,7350,raw_ad5933_range4_pga1,0,0,0,0,0,0,0,0,0,0,0
data,666403,107,2,15000,348,3045,306482,8348,raw_ad5933_range4_pga1,0,0,0,0,0,0,0,0,0,0,0
data,666538,107,3,20000,-36,3136,313621,9065,raw_ad5933_range4_pga1,0,0,0,0,0,0,0,0,0,0,0
data,666672,107,4,25000,-322,3155,317139,9582,raw_ad5933_range4_pga1,0,0,0,0,0,0,0,0,0,0,0
data,666808,107,5,30000,-594,3136,319176,10072,raw_ad5933_range4_pga1,0,0,0,0,0,0,0,0,0,0,0
data,666944,107,6,35000,-833,3090,320031,10508,raw_ad5933_range4_pga1,0,0,0,0,0,0,0,0,0,0,0
data,667081,107,7,40000,-1040,3031,320446,10893,raw_ad5933_range4_pga1,0,0,0,0,0,0,0,0,0,0,0
data,667219,107,8,45000,-1245,2964,321486,11278,raw_ad5933_range4_pga1,0,0,0,0,0,0,0,0,0,0,0
data,667357,107,9,50000,-1434,2875,321278,11650,raw_ad5933_range4_pga1,0,0,0,0,0,0,0,0,0,0,0
data,667494,107,10,55000,-1613,2775,320973,12016,raw_ad5933_range4_pga1,0,0,0,0,0,0,0,0,0,0,0
data,667633,107,11,60000,-1784,2666,320784,12378,raw_ad5933_range4_pga1,0,0,0,0,0,0,0,0,0,0,0
data,667772,107,12,65000,-1943,2559,321306,12720,raw_ad5933_range4_pga1,0,0,0,0,0,0,0,0,0,0,0
data,667911,107,13,70000,-2088,2426,320082,13071,raw_ad5933_range4_pga1,0,0,0,0,0,0,0,0,0,0,0
data,668050,107,14,75000,-2223,2306,320302,13395,raw_ad5933_range4_pga1,0,0,0,0,0,0,0,0,0,0,0
data,668189,107,15,80000,-2357,2171,320448,13735,raw_ad5933_range4_pga1,0,0,0,0,0,0,0,0,0,0,0
data,668328,107,16,85000,-2476,2028,320053,14068,raw_ad5933_range4_pga1,0,0,0,0,0,0,0,0,0,0,0
data,668467,107,17,90000,-2581,1876,319076,14398,raw_ad5933_range4_pga1,0,0,0,0,0,0,0,0,0,0,0
data,668606,107,18,95000,-2684,1726,319107,14725,raw_ad5933_range4_pga1,0,0,0,0,0,0,0,0,0,0,0
data,668745,107,19,100000,-2773,1565,318414,15056,raw_ad5933_range4_pga1,0,0,0,0,0,0,0,0,0,0,0
status,668863,107,0,0,0,0,0,0,sweep_end,0,0,0,0,0,0,0,0,0,0,0
status,671941,0,0,0,0,0,0,0,i2c_pc8_pc9_scan_start
status,672104,0,0,0,0,0,0,0,i2c_pc8_pc9_found_0x68
status,672179,0,0,0,0,0,0,0,i2c_pc8_pc9_scan_end_count_1
imu,672251,0,0,0,0,0,0,0,imu_not_ready,0x68,0xFF,0,0,0,0,0,0,0,0x00,0
status,672332,108,0,0,0,0,0,0,sweep_start_5k_to_100k,0,0,0,0,0,0,0,0,0,0,0
data,672504,108,0,5000,1308,1902,230835,5548,raw_ad5933_range4_pga1,0,0,0,0,0,0,0,0,0,0,0
data,672638,108,1,10000,824,2773,289284,7345,raw_ad5933_range4_pga1,0,0,0,0,0,0,0,0,0,0,0
data,672772,108,2,15000,350,3042,306207,8343,raw_ad5933_range4_pga1,0,0,0,0,0,0,0,0,0,0,0
data,672907,108,3,20000,-23,3143,314308,9041,raw_ad5933_range4_pga1,0,0,0,0,0,0,0,0,0,0,0
data,673041,108,4,25000,-329,3154,317111,9595,raw_ad5933_range4_pga1,0,0,0,0,0,0,0,0,0,0,0
data,673177,108,5,30000,-592,3135,319041,10069,raw_ad5933_range4_pga1,0,0,0,0,0,0,0,0,0,0,0
data,673313,108,6,35000,-828,3094,320288,10498,raw_ad5933_range4_pga1,0,0,0,0,0,0,0,0,0,0,0
data,673450,108,7,40000,-1039,3033,320603,10890,raw_ad5933_range4_pga1,0,0,0,0,0,0,0,0,0,0,0
data,673588,108,8,45000,-1243,2966,321593,11273,raw_ad5933_range4_pga1,0,0,0,0,0,0,0,0,0,0,0
data,673726,108,9,50000,-1437,2873,321234,11657,raw_ad5933_range4_pga1,0,0,0,0,0,0,0,0,0,0,0
data,673864,108,10,55000,-1609,2773,320600,12012,raw_ad5933_range4_pga1,0,0,0,0,0,0,0,0,0,0,0
data,674002,108,11,60000,-1782,2671,321088,12370,raw_ad5933_range4_pga1,0,0,0,0,0,0,0,0,0,0,0
data,674141,108,12,65000,-1943,2550,320589,12730,raw_ad5933_range4_pga1,0,0,0,0,0,0,0,0,0,0,0
data,674280,108,13,70000,-2084,2433,320352,13058,raw_ad5933_range4_pga1,0,0,0,0,0,0,0,0,0,0,0
data,674419,108,14,75000,-2212,2300,319107,13388,raw_ad5933_range4_pga1,0,0,0,0,0,0,0,0,0,0,0
data,674558,108,15,80000,-2350,2169,319798,13729,raw_ad5933_range4_pga1,0,0,0,0,0,0,0,0,0,0,0
data,674697,108,16,85000,-2471,2021,319222,14072,raw_ad5933_range4_pga1,0,0,0,0,0,0,0,0,0,0,0
data,674836,108,17,90000,-2582,1879,319333,14395,raw_ad5933_range4_pga1,0,0,0,0,0,0,0,0,0,0,0
data,674975,108,18,95000,-2680,1724,318662,14724,raw_ad5933_range4_pga1,0,0,0,0,0,0,0,0,0,0,0
data,675114,108,19,100000,-2772,1566,318376,15053,raw_ad5933_range4_pga1,0,0,0,0,0,0,0,0,0,0,0
status,675232,108,0,0,0,0,0,0,sweep_end,0,0,0,0,0,0,0,0,0,0,0
status,678310,0,0,0,0,0,0,0,i2c_pc8_pc9_scan_start
status,678473,0,0,0,0,0,0,0,i2c_pc8_pc9_found_0x68
status,678548,0,0,0,0,0,0,0,i2c_pc8_pc9_scan_end_count_1
imu,678620,0,0,0,0,0,0,0,imu_not_ready,0x68,0xFF,0,0,0,0,0,0,0,0x00,0
status,678701,109,0,0,0,0,0,0,sweep_start_5k_to_100k,0,0,0,0,0,0,0,0,0,0,0
data,678873,109,0,5000,1312,1901,230979,5538,raw_ad5933_range4_pga1,0,0,0,0,0,0,0,0,0,0,0
data,679007,109,1,10000,824,2766,288613,7341,raw_ad5933_range4_pga1,0,0,0,0,0,0,0,0,0,0,0
data,679141,109,2,15000,352,3043,306329,8340,raw_ad5933_range4_pga1,0,0,0,0,0,0,0,0,0,0,0
data,679276,109,3,20000,-24,3139,313909,9043,raw_ad5933_range4_pga1,0,0,0,0,0,0,0,0,0,0,0
data,679410,109,4,25000,-330,3153,317022,9597,raw_ad5933_range4_pga1,0,0,0,0,0,0,0,0,0,0,0
data,679546,109,5,30000,-593,3131,318666,10072,raw_ad5933_range4_pga1,0,0,0,0,0,0,0,0,0,0,0
data,679682,109,6,35000,-829,3089,319831,10502,raw_ad5933_range4_pga1,0,0,0,0,0,0,0,0,0,0,0
data,679819,109,7,40000,-1048,3041,321652,10901,raw_ad5933_range4_pga1,0,0,0,0,0,0,0,0,0,0,0
data,679957,109,8,45000,-1239,2955,320424,11274,raw_ad5933_range4_pga1,0,0,0,0,0,0,0,0,0,0,0
data,680095,109,9,50000,-1435,2873,321144,11654,raw_ad5933_range4_pga1,0,0,0,0,0,0,0,0,0,0,0
data,680232,109,10,55000,-1615,2776,321160,12018,raw_ad5933_range4_pga1,0,0,0,0,0,0,0,0,0,0,0
data,680371,109,11,60000,-1781,2671,321033,12369,raw_ad5933_range4_pga1,0,0,0,0,0,0,0,0,0,0,0
data,680510,109,12,65000,-1933,2568,321420,12696,raw_ad5933_range4_pga1,0,0,0,0,0,0,0,0,0,0,0
data,680649,109,13,70000,-2084,2435,320504,13055,raw_ad5933_range4_pga1,0,0,0,0,0,0,0,0,0,0,0
data,680788,109,14,75000,-2224,2304,320228,13398,raw_ad5933_range4_pga1,0,0,0,0,0,0,0,0,0,0,0
data,680927,109,15,80000,-2348,2166,319447,13730,raw_ad5933_range4_pga1,0,0,0,0,0,0,0,0,0,0,0
data,681066,109,16,85000,-2471,2027,319602,14063,raw_ad5933_range4_pga1,0,0,0,0,0,0,0,0,0,0,0
data,681205,109,17,90000,-2584,1876,319319,14402,raw_ad5933_range4_pga1,0,0,0,0,0,0,0,0,0,0,0
data,681344,109,18,95000,-2688,1728,319552,14726,raw_ad5933_range4_pga1,0,0,0,0,0,0,0,0,0,0,0
data,681483,109,19,100000,-2776,1568,318823,15054,raw_ad5933_range4_pga1,0,0,0,0,0,0,0,0,0,0,0
status,681601,109,0,0,0,0,0,0,sweep_end,0,0,0,0,0,0,0,0,0,0,0
status,684678,0,0,0,0,0,0,0,i2c_pc8_pc9_scan_start
status,684841,0,0,0,0,0,0,0,i2c_pc8_pc9_found_0x68
status,684916,0,0,0,0,0,0,0,i2c_pc8_pc9_scan_end_count_1
imu,685000,0,0,0,0,0,0,0,imu_not_ready,0x68,0xFF,0,0,0,0,0,0,0,0x00,0
status,685081,110,0,0,0,0,0,0,sweep_start_5k_to_100k,0,0,0,0,0,0,0,0,0,0,0
data,685253,110,0,5000,1308,1905,231082,5552,raw_ad5933_range4_pga1,0,0,0,0,0,0,0,0,0,0,0
data,685387,110,1,10000,826,2769,288957,7339,raw_ad5933_range4_pga1,0,0,0,0,0,0,0,0,0,0,0
data,685521,110,2,15000,351,3041,306119,8341,raw_ad5933_range4_pga1,0,0,0,0,0,0,0,0,0,0,0
data,685656,110,3,20000,-24,3140,314009,9043,raw_ad5933_range4_pga1,0,0,0,0,0,0,0,0,0,0,0
data,685790,110,4,25000,-328,3157,317399,9593,raw_ad5933_range4_pga1,0,0,0,0,0,0,0,0,0,0,0
data,685926,110,5,30000,-598,3133,318956,10080,raw_ad5933_range4_pga1,0,0,0,0,0,0,0,0,0,0,0
data,686062,110,6,35000,-826,3087,319560,10497,raw_ad5933_range4_pga1,0,0,0,0,0,0,0,0,0,0,0
data,686199,110,7,40000,-1042,3031,320511,10897,raw_ad5933_range4_pga1,0,0,0,0,0,0,0,0,0,0,0
data,686337,110,8,45000,-1243,2955,320579,11281,raw_ad5933_range4_pga1,0,0,0,0,0,0,0,0,0,0,0
data,686475,110,9,50000,-1440,2874,321457,11661,raw_ad5933_range4_pga1,0,0,0,0,0,0,0,0,0,0,0
data,686612,110,10,55000,-1610,2777,320996,12010,raw_ad5933_range4_pga1,0,0,0,0,0,0,0,0,0,0,0
data,686751,110,11,60000,-1780,2671,320977,12368,raw_ad5933_range4_pga1,0,0,0,0,0,0,0,0,0,0,0
data,686890,110,12,65000,-1934,2555,320443,12712,raw_ad5933_range4_pga1,0,0,0,0,0,0,0,0,0,0,0
data,687029,110,13,70000,-2084,2437,320656,13053,raw_ad5933_range4_pga1,0,0,0,0,0,0,0,0,0,0,0
data,687168,110,14,75000,-2222,2301,319873,13399,raw_ad5933_range4_pga1,0,0,0,0,0,0,0,0,0,0,0
data,687307,110,15,80000,-2350,2163,319391,13737,raw_ad5933_range4_pga1,0,0,0,0,0,0,0,0,0,0,0
data,687446,110,16,85000,-2472,2028,319743,14063,raw_ad5933_range4_pga1,0,0,0,0,0,0,0,0,0,0,0
data,687585,110,17,90000,-2582,1875,319098,14401,raw_ad5933_range4_pga1,0,0,0,0,0,0,0,0,0,0,0
data,687724,110,18,95000,-2681,1725,318801,14724,raw_ad5933_range4_pga1,0,0,0,0,0,0,0,0,0,0,0
data,687863,110,19,100000,-2771,1563,318142,15057,raw_ad5933_range4_pga1,0,0,0,0,0,0,0,0,0,0,0
status,687981,110,0,0,0,0,0,0,sweep_end,0,0,0,0,0,0,0,0,0,0,0
status,691058,0,0,0,0,0,0,0,i2c_pc8_pc9_scan_start
status,691221,0,0,0,0,0,0,0,i2c_pc8_pc9_found_0x68
status,691296,0,0,0,0,0,0,0,i2c_pc8_pc9_scan_end_count_1
imu,691380,0,0,0,0,0,0,0,imu_not_ready,0x68,0xFF,0,0,0,0,0,0,0,0x00,0
status,691461,111,0,0,0,0,0,0,sweep_start_5k_to_100k,0,0,0,0,0,0,0,0,0,0,0
data,691633,111,0,5000,1301,1887,229202,5541,raw_ad5933_range4_pga1,0,0,0,0,0,0,0,0,0,0,0
data,691767,111,1,10000,826,2771,289149,7340,raw_ad5933_range4_pga1,0,0,0,0,0,0,0,0,0,0,0
data,691901,111,2,15000,350,3041,306108,8343,raw_ad5933_range4_pga1,0,0,0,0,0,0,0,0,0,0,0
data,692036,111,3,20000,-28,3140,314012,9051,raw_ad5933_range4_pga1,0,0,0,0,0,0,0,0,0,0,0
data,692170,111,4,25000,-329,3152,316912,9595,raw_ad5933_range4_pga1,0,0,0,0,0,0,0,0,0,0,0
data,692306,111,5,30000,-600,3127,318404,10086,raw_ad5933_range4_pga1,0,0,0,0,0,0,0,0,0,0,0
data,692442,111,6,35000,-828,3089,319805,10500,raw_ad5933_range4_pga1,0,0,0,0,0,0,0,0,0,0,0
data,692579,111,7,40000,-1043,3032,320638,10898,raw_ad5933_range4_pga1,0,0,0,0,0,0,0,0,0,0,0
data,692717,111,8,45000,-1244,2959,320986,11280,raw_ad5933_range4_pga1,0,0,0,0,0,0,0,0,0,0,0
data,692855,111,9,50000,-1429,2871,320697,11646,raw_ad5933_range4_pga1,0,0,0,0,0,0,0,0,0,0,0
data,692992,111,10,55000,-1616,2774,321038,12022,raw_ad5933_range4_pga1,0,0,0,0,0,0,0,0,0,0,0
data,693131,111,11,60000,-1774,2667,320312,12363,raw_ad5933_range4_pga1,0,0,0,0,0,0,0,0,0,0,0
data,693270,111,12,65000,-1943,2559,321306,12720,raw_ad5933_range4_pga1,0,0,0,0,0,0,0,0,0,0,0
data,693409,111,13,70000,-2082,2439,320678,13048,raw_ad5933_range4_pga1,0,0,0,0,0,0,0,0,0,0,0
data,693548,111,14,75000,-2221,2305,320092,13393,raw_ad5933_range4_pga1,0,0,0,0,0,0,0,0,0,0,0
data,693687,111,15,80000,-2346,2164,319165,13731,raw_ad5933_range4_pga1,0,0,0,0,0,0,0,0,0,0,0
data,693826,111,16,85000,-2465,2018,318568,14069,raw_ad5933_range4_pga1,0,0,0,0,0,0,0,0,0,0,0
data,693965,111,17,90000,-2575,1878,318708,14389,raw_ad5933_range4_pga1,0,0,0,0,0,0,0,0,0,0,0
data,694104,111,18,95000,-2682,1724,318831,14726,raw_ad5933_range4_pga1,0,0,0,0,0,0,0,0,0,0,0
data,694243,111,19,100000,-2771,1564,318191,15055,raw_ad5933_range4_pga1,0,0,0,0,0,0,0,0,0,0,0
status,694361,111,0,0,0,0,0,0,sweep_end,0,0,0,0,0,0,0,0,0,0,0
status,697438,0,0,0,0,0,0,0,i2c_pc8_pc9_scan_start
status,697601,0,0,0,0,0,0,0,i2c_pc8_pc9_found_0x68
status,697676,0,0,0,0,0,0,0,i2c_pc8_pc9_scan_end_count_1
imu,697760,0,0,0,0,0,0,0,imu_not_ready,0x68,0xFF,0,0,0,0,0,0,0,0x00,0
status,697841,112,0,0,0,0,0,0,sweep_start_5k_to_100k,0,0,0,0,0,0,0,0,0,0,0
data,698013,112,0,5000,1303,1901,230469,5557,raw_ad5933_range4_pga1,0,0,0,0,0,0,0,0,0,0,0
data,698147,112,1,10000,828,2767,288823,7334,raw_ad5933_range4_pga1,0,0,0,0,0,0,0,0,0,0,0
data,698281,112,2,15000,349,3039,305897,8344,raw_ad5933_range4_pga1,0,0,0,0,0,0,0,0,0,0,0
data,698416,112,3,20000,-16,3140,314004,9029,raw_ad5933_range4_pga1,0,0,0,0,0,0,0,0,0,0,0
data,698550,112,4,25000,-320,3155,317119,9579,raw_ad5933_range4_pga1,0,0,0,0,0,0,0,0,0,0,0
data,698686,112,5,30000,-591,3131,318629,10068,raw_ad5933_range4_pga1,0,0,0,0,0,0,0,0,0,0,0
data,698822,112,6,35000,-820,3095,320178,10483,raw_ad5933_range4_pga1,0,0,0,0,0,0,0,0,0,0,0
data,698959,112,7,40000,-1040,3027,320068,10896,raw_ad5933_range4_pga1,0,0,0,0,0,0,0,0,0,0,0
data,699097,112,8,45000,-1245,2954,320564,11285,raw_ad5933_range4_pga1,0,0,0,0,0,0,0,0,0,0,0
data,699235,112,9,50000,-1436,2874,321278,11654,raw_ad5933_range4_pga1,0,0,0,0,0,0,0,0,0,0,0
data,699372,112,10,55000,-1612,2777,321096,12013,raw_ad5933_range4_pga1,0,0,0,0,0,0,0,0,0,0,0
data,699511,112,11,60000,-1786,2674,321560,12373,raw_ad5933_range4_pga1,0,0,0,0,0,0,0,0,0,0,0
data,699650,112,12,65000,-1947,2556,321309,12729,raw_ad5933_range4_pga1,0,0,0,0,0,0,0,0,0,0,0
data,699789,112,13,70000,-2086,2429,320179,13065,raw_ad5933_range4_pga1,0,0,0,0,0,0,0,0,0,0,0
data,699928,112,14,75000,-2226,2302,320223,13403,raw_ad5933_range4_pga1,0,0,0,0,0,0,0,0,0,0,0
data,700067,112,15,80000,-2349,2171,319860,13725,raw_ad5933_range4_pga1,0,0,0,0,0,0,0,0,0,0,0
data,700206,112,16,85000,-2472,2027,319680,14064,raw_ad5933_range4_pga1,0,0,0,0,0,0,0,0,0,0,0
data,700345,112,17,90000,-2584,1881,319613,14394,raw_ad5933_range4_pga1,0,0,0,0,0,0,0,0,0,0,0
data,700484,112,18,95000,-2681,1727,318909,14721,raw_ad5933_range4_pga1,0,0,0,0,0,0,0,0,0,0,0
data,700623,112,19,100000,-2757,1560,316775,15049,raw_ad5933_range4_pga1,0,0,0,0,0,0,0,0,0,0,0
status,700741,112,0,0,0,0,0,0,sweep_end,0,0,0,0,0,0,0,0,0,0,0
status,703818,0,0,0,0,0,0,0,i2c_pc8_pc9_scan_start
status,703981,0,0,0,0,0,0,0,i2c_pc8_pc9_found_0x68
status,704056,0,0,0,0,0,0,0,i2c_pc8_pc9_scan_end_count_1
imu,704140,0,0,0,0,0,0,0,imu_not_ready,0x68,0xFF,0,0,0,0,0,0,0,0x00,0
status,704221,113,0,0,0,0,0,0,sweep_start_5k_to_100k,0,0,0,0,0,0,0,0,0,0,0
data,704393,113,0,5000,1308,1902,230835,5548,raw_ad5933_range4_pga1,0,0,0,0,0,0,0,0,0,0,0
data,704527,113,1,10000,827,2772,289273,7338,raw_ad5933_range4_pga1,0,0,0,0,0,0,0,0,0,0,0
data,704661,113,2,15000,347,3045,306471,8349,raw_ad5933_range4_pga1,0,0,0,0,0,0,0,0,0,0,0
data,704796,113,3,20000,-23,3141,314108,9041,raw_ad5933_range4_pga1,0,0,0,0,0,0,0,0,0,0,0
data,704930,113,4,25000,-323,3163,317945,9583,raw_ad5933_range4_pga1,0,0,0,0,0,0,0,0,0,0,0
data,705066,113,5,30000,-592,3133,318844,10070,raw_ad5933_range4_pga1,0,0,0,0,0,0,0,0,0,0,0
data,705202,113,6,35000,-829,3089,319831,10502,raw_ad5933_range4_pga1,0,0,0,0,0,0,0,0,0,0,0
data,705339,113,7,40000,-1033,3028,319936,10883,raw_ad5933_range4_pga1,0,0,0,0,0,0,0,0,0,0,0
data,705477,113,8,45000,-1244,2952,320341,11285,raw_ad5933_range4_pga1,0,0,0,0,0,0,0,0,0,0,0
data,705615,113,9,50000,-1437,2871,321055,11658,raw_ad5933_range4_pga1,0,0,0,0,0,0,0,0,0,0,0
data,705752,113,10,55000,-1615,2777,321247,12018,raw_ad5933_range4_pga1,0,0,0,0,0,0,0,0,0,0,0
data,705891,113,11,60000,-1784,2669,321033,12375,raw_ad5933_range4_pga1,0,0,0,0,0,0,0,0,0,0,0
data,706030,113,12,65000,-1938,2558,320924,12714,raw_ad5933_range4_pga1,0,0,0,0,0,0,0,0,0,0,0
data,706169,113,13,70000,-2087,2442,321231,13051,raw_ad5933_range4_pga1,0,0,0,0,0,0,0,0,0,0,0
data,706308,113,14,75000,-2227,2307,320652,13398,raw_ad5933_range4_pga1,0,0,0,0,0,0,0,0,0,0,0
data,706447,113,15,80000,-2353,2175,320425,13725,raw_ad5933_range4_pga1,0,0,0,0,0,0,0,0,0,0,0
data,706586,113,16,85000,-2471,2025,319476,14066,raw_ad5933_range4_pga1,0,0,0,0,0,0,0,0,0,0,0
data,706725,113,17,90000,-2581,1875,319017,14400,raw_ad5933_range4_pga1,0,0,0,0,0,0,0,0,0,0,0
data,706864,113,18,95000,-2681,1722,318638,14728,raw_ad5933_range4_pga1,0,0,0,0,0,0,0,0,0,0,0
data,707003,113,19,100000,-2767,1566,317941,15049,raw_ad5933_range4_pga1,0,0,0,0,0,0,0,0,0,0,0
status,707121,113,0,0,0,0,0,0,sweep_end,0,0,0,0,0,0,0,0,0,0,0
status,710198,0,0,0,0,0,0,0,i2c_pc8_pc9_scan_start
status,710361,0,0,0,0,0,0,0,i2c_pc8_pc9_found_0x68
status,710436,0,0,0,0,0,0,0,i2c_pc8_pc9_scan_end_count_1
imu,710508,0,0,0,0,0,0,0,imu_not_ready,0x68,0xFF,0,0,0,0,0,0,0,0x00,0
status,710589,114,0,0,0,0,0,0,sweep_start_5k_to_100k,0,0,0,0,0,0,0,0,0,0,0
data,710761,114,0,5000,1309,1900,230727,5543,raw_ad5933_range4_pga1,0,0,0,0,0,0,0,0,0,0,0
data,710895,114,1,10000,825,2762,288258,7336,raw_ad5933_range4_pga1,0,0,0,0,0,0,0,0,0,0,0
data,711029,114,2,15000,349,3038,305798,8344,raw_ad5933_range4_pga1,0,0,0,0,0,0,0,0,0,0,0
data,711164,114,3,20000,-25,3136,313610,9045,raw_ad5933_range4_pga1,0,0,0,0,0,0,0,0,0,0,0
data,711298,114,4,25000,-332,3148,316546,9602,raw_ad5933_range4_pga1,0,0,0,0,0,0,0,0,0,0,0
data,711434,114,5,30000,-591,3135,319022,10067,raw_ad5933_range4_pga1,0,0,0,0,0,0,0,0,0,0,0
data,711570,114,6,35000,-827,3093,320165,10496,raw_ad5933_range4_pga1,0,0,0,0,0,0,0,0,0,0,0
data,711707,114,7,40000,-1041,3031,320478,10895,raw_ad5933_range4_pga1,0,0,0,0,0,0,0,0,0,0,0
data,711845,114,8,45000,-1242,2970,321923,11269,raw_ad5933_range4_pga1,0,0,0,0,0,0,0,0,0,0,0
data,711983,114,9,50000,-1433,2877,321413,11647,raw_ad5933_range4_pga1,0,0,0,0,0,0,0,0,0,0,0
data,712121,114,10,55000,-1611,2775,320873,12013,raw_ad5933_range4_pga1,0,0,0,0,0,0,0,0,0,0,0
data,712259,114,11,60000,-1779,2668,320672,12369,raw_ad5933_range4_pga1,0,0,0,0,0,0,0,0,0,0,0
data,712398,114,12,65000,-1936,2554,320484,12716,raw_ad5933_range4_pga1,0,0,0,0,0,0,0,0,0,0,0
data,712537,114,13,70000,-2088,2436,320840,13060,raw_ad5933_range4_pga1,0,0,0,0,0,0,0,0,0,0,0
data,712676,114,14,75000,-2226,2302,320223,13403,raw_ad5933_range4_pga1,0,0,0,0,0,0,0,0,0,0,0
data,712815,114,15,80000,-2352,2171,320080,13729,raw_ad5933_range4_pga1,0,0,0,0,0,0,0,0,0,0,0
data,712954,114,16,85000,-2471,2025,319476,14066,raw_ad5933_range4_pga1,0,0,0,0,0,0,0,0,0,0,0
data,713093,114,17,90000,-2581,1874,318958,14401,raw_ad5933_range4_pga1,0,0,0,0,0,0,0,0,0,0,0
data,713232,114,18,95000,-2683,1720,318699,14733,raw_ad5933_range4_pga1,0,0,0,0,0,0,0,0,0,0,0
data,713371,114,19,100000,-2773,1559,318120,15065,raw_ad5933_range4_pga1,0,0,0,0,0,0,0,0,0,0,0
status,713489,114,0,0,0,0,0,0,sweep_end,0,0,0,0,0,0,0,0,0,0,0
status,716567,0,0,0,0,0,0,0,i2c_pc8_pc9_scan_start
status,716730,0,0,0,0,0,0,0,i2c_pc8_pc9_found_0x68
status,716805,0,0,0,0,0,0,0,i2c_pc8_pc9_scan_end_count_1
imu,716889,0,0,0,0,0,0,0,imu_not_ready,0x68,0x7F,0,0,0,0,0,0,0,0x00,0
status,716970,115,0,0,0,0,0,0,sweep_start_5k_to_100k,0,0,0,0,0,0,0,0,0,0,0
data,717142,115,0,5000,1306,1907,231134,5559,raw_ad5933_range4_pga1,0,0,0,0,0,0,0,0,0,0,0
data,717276,115,1,10000,827,2769,288986,7337,raw_ad5933_range4_pga1,0,0,0,0,0,0,0,0,0,0,0
data,717411,115,2,15000,354,3036,305657,8334,raw_ad5933_range4_pga1,0,0,0,0,0,0,0,0,0,0,0
data,717545,115,3,20000,-23,3137,313708,9042,raw_ad5933_range4_pga1,0,0,0,0,0,0,0,0,0,0,0
data,717679,115,4,25000,-330,3152,316923,9597,raw_ad5933_range4_pga1,0,0,0,0,0,0,0,0,0,0,0
data,717815,115,5,30000,-588,3132,318672,10063,raw_ad5933_range4_pga1,0,0,0,0,0,0,0,0,0,0,0
data,717951,115,6,35000,-829,3087,319637,10503,raw_ad5933_range4_pga1,0,0,0,0,0,0,0,0,0,0,0
data,718088,115,7,40000,-1044,3033,320765,10899,raw_ad5933_range4_pga1,0,0,0,0,0,0,0,0,0,0,0
data,718226,115,8,45000,-1245,2957,320841,11283,raw_ad5933_range4_pga1,0,0,0,0,0,0,0,0,0,0,0
data,718364,115,9,50000,-1433,2871,320876,11652,raw_ad5933_range4_pga1,0,0,0,0,0,0,0,0,0,0,0
data,718502,115,10,55000,-1613,2771,320628,12020,raw_ad5933_range4_pga1,0,0,0,0,0,0,0,0,0,0,0
data,718641,115,11,60000,-1780,2669,320811,12369,raw_ad5933_range4_pga1,0,0,0,0,0,0,0,0,0,0,0
data,718779,115,12,65000,-1936,2555,320564,12715,raw_ad5933_range4_pga1,0,0,0,0,0,0,0,0,0,0,0
data,718918,115,13,70000,-2086,2434,320558,13059,raw_ad5933_range4_pga1,0,0,0,0,0,0,0,0,0,0,0
data,719057,115,14,75000,-2223,2304,320158,13397,raw_ad5933_range4_pga1,0,0,0,0,0,0,0,0,0,0,0
data,719196,115,15,80000,-2342,2173,319482,13714,raw_ad5933_range4_pga1,0,0,0,0,0,0,0,0,0,0,0
data,719335,115,16,85000,-2474,2025,319708,14069,raw_ad5933_range4_pga1,0,0,0,0,0,0,0,0,0,0,0
data,719474,115,17,90000,-2572,1878,318466,14386,raw_ad5933_range4_pga1,0,0,0,0,0,0,0,0,0,0,0
data,719613,115,18,95000,-2687,1718,318928,14740,raw_ad5933_range4_pga1,0,0,0,0,0,0,0,0,0,0,0
data,719752,115,19,100000,-2769,1567,318164,15049,raw_ad5933_range4_pga1,0,0,0,0,0,0,0,0,0,0,0
status,719870,115,0,0,0,0,0,0,sweep_end,0,0,0,0,0,0,0,0,0,0,0
status,722948,0,0,0,0,0,0,0,i2c_pc8_pc9_scan_start
status,723111,0,0,0,0,0,0,0,i2c_pc8_pc9_found_0x68
status,723186,0,0,0,0,0,0,0,i2c_pc8_pc9_scan_end_count_1
imu,723270,0,0,0,0,0,0,0,imu_not_ready,0x68,0x6F,0,0,0,0,0,0,0,0x00,0
status,723351,116,0,0,0,0,0,0,sweep_start_5k_to_100k,0,0,0,0,0,0,0,0,0,0,0
data,723523,116,0,5000,1306,1900,230557,5549,raw_ad5933_range4_pga1,0,0,0,0,0,0,0,0,0,0,0
data,723657,116,1,10000,835,2760,288354,7316,raw_ad5933_range4_pga1,0,0,0,0,0,0,0,0,0,0,0
data,723791,116,2,15000,352,3042,306230,8339,raw_ad5933_range4_pga1,0,0,0,0,0,0,0,0,0,0,0
data,723926,116,3,20000,-24,3138,313809,9043,raw_ad5933_range4_pga1,0,0,0,0,0,0,0,0,0,0,0
data,724060,116,4,25000,-335,3148,316577,9607,raw_ad5933_range4_pga1,0,0,0,0,0,0,0,0,0,0,0
data,724196,116,5,30000,-590,3128,318316,10068,raw_ad5933_range4_pga1,0,0,0,0,0,0,0,0,0,0,0
data,724332,116,6,35000,-826,3087,319560,10497,raw_ad5933_range4_pga1,0,0,0,0,0,0,0,0,0,0,0
data,724469,116,7,40000,-1049,3034,321023,10907,raw_ad5933_range4_pga1,0,0,0,0,0,0,0,0,0,0,0
data,724607,116,8,45000,-1247,2954,320642,11288,raw_ad5933_range4_pga1,0,0,0,0,0,0,0,0,0,0,0
data,724745,116,9,50000,-1436,2871,321010,11657,raw_ad5933_range4_pga1,0,0,0,0,0,0,0,0,0,0,0
data,724882,116,10,55000,-1609,2779,321119,12007,raw_ad5933_range4_pga1,0,0,0,0,0,0,0,0,0,0,0
data,725021,116,11,60000,-1779,2679,321588,12358,raw_ad5933_range4_pga1,0,0,0,0,0,0,0,0,0,0,0
data,725160,116,12,65000,-1931,2562,320821,12700,raw_ad5933_range4_pga1,0,0,0,0,0,0,0,0,0,0,0
data,725299,116,13,70000,-2094,2437,321307,13067,raw_ad5933_range4_pga1,0,0,0,0,0,0,0,0,0,0,0
data,725438,116,14,75000,-2223,2301,319943,13401,raw_ad5933_range4_pga1,0,0,0,0,0,0,0,0,0,0,0
data,725577,116,15,80000,-2351,2169,319871,13730,raw_ad5933_range4_pga1,0,0,0,0,0,0,0,0,0,0,0
data,725716,116,16,85000,-2471,2028,319666,14062,raw_ad5933_range4_pga1,0,0,0,0,0,0,0,0,0,0,0
data,725855,116,17,90000,-2579,1878,319032,14393,raw_ad5933_range4_pga1,0,0,0,0,0,0,0,0,0,0,0
data,725994,116,18,95000,-2680,1731,319042,14714,raw_ad5933_range4_pga1,0,0,0,0,0,0,0,0,0,0,0
data,726133,116,19,100000,-2768,1566,318028,15050,raw_ad5933_range4_pga1,0,0,0,0,0,0,0,0,0,0,0
status,726251,116,0,0,0,0,0,0,sweep_end,0,0,0,0,0,0,0,0,0,0,0
status,729328,0,0,0,0,0,0,0,i2c_pc8_pc9_scan_start
status,729491,0,0,0,0,0,0,0,i2c_pc8_pc9_found_0x68
status,729566,0,0,0,0,0,0,0,i2c_pc8_pc9_scan_end_count_1
imu,729650,0,0,0,0,0,0,0,imu_not_ready,0x68,0x7F,0,0,0,0,0,0,0,0x00,0
status,729731,117,0,0,0,0,0,0,sweep_start_5k_to_100k,0,0,0,0,0,0,0,0,0,0,0
data,729903,117,0,5000,1310,1902,230948,5544,raw_ad5933_range4_pga1,0,0,0,0,0,0,0,0,0,0,0
data,730037,117,1,10000,824,2768,288804,7342,raw_ad5933_range4_pga1,0,0,0,0,0,0,0,0,0,0,0
data,730171,117,2,15000,335,3043,306138,8371,raw_ad5933_range4_pga1,0,0,0,0,0,0,0,0,0,0,0
data,730306,117,3,20000,-27,3139,313912,9049,raw_ad5933_range4_pga1,0,0,0,0,0,0,0,0,0,0,0
data,730440,117,4,25000,-328,3150,316703,9594,raw_ad5933_range4_pga1,0,0,0,0,0,0,0,0,0,0,0
data,730576,117,5,30000,-592,3133,318844,10070,raw_ad5933_range4_pga1,0,0,0,0,0,0,0,0,0,0,0
data,730712,117,6,35000,-828,3087,319612,10501,raw_ad5933_range4_pga1,0,0,0,0,0,0,0,0,0,0,0
data,730849,117,7,40000,-1042,3033,320700,10896,raw_ad5933_range4_pga1,0,0,0,0,0,0,0,0,0,0,0
data,730987,117,8,45000,-1246,2959,321064,11283,raw_ad5933_range4_pga1,0,0,0,0,0,0,0,0,0,0,0
data,731125,117,9,50000,-1435,2863,320250,11662,raw_ad5933_range4_pga1,0,0,0,0,0,0,0,0,0,0,0
data,731262,117,10,55000,-1613,2774,320887,12017,raw_ad5933_range4_pga1,0,0,0,0,0,0,0,0,0,0,0
data,731401,117,11,60000,-1780,2669,320811,12369,raw_ad5933_range4_pga1,0,0,0,0,0,0,0,0,0,0,0
data,731540,117,12,65000,-1937,2557,320784,12714,raw_ad5933_range4_pga1,0,0,0,0,0,0,0,0,0,0,0
data,731679,117,13,70000,-2085,2434,320493,13058,raw_ad5933_range4_pga1,0,0,0,0,0,0,0,0,0,0,0
data,731818,117,14,75000,-2221,2301,319804,13398,raw_ad5933_range4_pga1,0,0,0,0,0,0,0,0,0,0,0
data,731957,117,15,80000,-2351,2163,319465,13738,raw_ad5933_range4_pga1,0,0,0,0,0,0,0,0,0,0,0
data,732096,117,16,85000,-2471,2013,318716,14083,raw_ad5933_range4_pga1,0,0,0,0,0,0,0,0,0,0,0
data,732235,117,17,90000,-2572,1879,318525,14384,raw_ad5933_range4_pga1,0,0,0,0,0,0,0,0,0,0,0
data,732374,117,18,95000,-2681,1721,318584,14730,raw_ad5933_range4_pga1,0,0,0,0,0,0,0,0,0,0,0
data,732513,117,19,100000,-2771,1564,318191,15055,raw_ad5933_range4_pga1,0,0,0,0,0,0,0,0,0,0,0
status,732631,117,0,0,0,0,0,0,sweep_end,0,0,0,0,0,0,0,0,0,0,0
status,735708,0,0,0,0,0,0,0,i2c_pc8_pc9_scan_start
status,735871,0,0,0,0,0,0,0,i2c_pc8_pc9_found_0x68
status,735946,0,0,0,0,0,0,0,i2c_pc8_pc9_scan_end_count_1
imu,736030,0,0,0,0,0,0,0,imu_not_ready,0x68,0xFF,0,0,0,0,0,0,0,0x00,0
status,736111,118,0,0,0,0,0,0,sweep_start_5k_to_100k,0,0,0,0,0,0,0,0,0,0,0
data,736283,118,0,5000,1307,1901,230696,5549,raw_ad5933_range4_pga1,0,0,0,0,0,0,0,0,0,0,0
data,736417,118,1,10000,820,2770,288882,7350,raw_ad5933_range4_pga1,0,0,0,0,0,0,0,0,0,0,0
data,736551,118,2,15000,354,3041,306154,8336,raw_ad5933_range4_pga1,0,0,0,0,0,0,0,0,0,0,0
data,736686,118,3,20000,-20,3141,314106,9036,raw_ad5933_range4_pga1,0,0,0,0,0,0,0,0,0,0,0
data,736820,118,4,25000,-327,3158,317488,9591,raw_ad5933_range4_pga1,0,0,0,0,0,0,0,0,0,0,0
data,736956,118,5,30000,-588,3136,319065,10061,raw_ad5933_range4_pga1,0,0,0,0,0,0,0,0,0,0,0
data,737092,118,6,35000,-825,3089,319727,10495,raw_ad5933_range4_pga1,0,0,0,0,0,0,0,0,0,0,0
data,737229,118,7,40000,-1031,3028,319871,10880,raw_ad5933_range4_pga1,0,0,0,0,0,0,0,0,0,0,0
data,737367,118,8,45000,-1246,2954,320603,11287,raw_ad5933_range4_pga1,0,0,0,0,0,0,0,0,0,0,0
data,737505,118,9,50000,-1435,2868,320697,11658,raw_ad5933_range4_pga1,0,0,0,0,0,0,0,0,0,0,0
data,737642,118,10,55000,-1613,2778,321233,12014,raw_ad5933_range4_pga1,0,0,0,0,0,0,0,0,0,0,0
data,737781,118,11,60000,-1778,2679,321533,12357,raw_ad5933_range4_pga1,0,0,0,0,0,0,0,0,0,0,0
data,737920,118,12,65000,-1933,2552,320144,12714,raw_ad5933_range4_pga1,0,0,0,0,0,0,0,0,0,0,0
data,738059,118,13,70000,-2089,2432,320602,13066,raw_ad5933_range4_pga1,0,0,0,0,0,0,0,0,0,0,0
data,738198,118,14,75000,-2225,2304,320297,13400,raw_ad5933_range4_pga1,0,0,0,0,0,0,0,0,0,0,0
data,738337,118,15,80000,-2352,2169,319945,13731,raw_ad5933_range4_pga1,0,0,0,0,0,0,0,0,0,0,0
data,738476,118,16,85000,-2471,2028,319666,14062,raw_ad5933_range4_pga1,0,0,0,0,0,0,0,0,0,0,0
data,738615,118,17,90000,-2579,1872,318679,14402,raw_ad5933_range4_pga1,0,0,0,0,0,0,0,0,0,0,0
data,738754,118,18,95000,-2683,1717,318537,14738,raw_ad5933_range4_pga1,0,0,0,0,0,0,0,0,0,0,0
data,738893,118,19,100000,-2770,1567,318251,15050,raw_ad5933_range4_pga1,0,0,0,0,0,0,0,0,0,0,0
status,739011,118,0,0,0,0,0,0,sweep_end,0,0,0,0,0,0,0,0,0,0,0
status,742088,0,0,0,0,0,0,0,i2c_pc8_pc9_scan_start
status,742251,0,0,0,0,0,0,0,i2c_pc8_pc9_found_0x68
status,742326,0,0,0,0,0,0,0,i2c_pc8_pc9_scan_end_count_1
imu,742410,0,0,0,0,0,0,0,imu_not_ready,0x68,0x6F,0,0,0,0,0,0,0,0x00,0
status,742491,119,0,0,0,0,0,0,sweep_start_5k_to_100k,0,0,0,0,0,0,0,0,0,0,0
data,742663,119,0,5000,1304,1898,230279,5550,raw_ad5933_range4_pga1,0,0,0,0,0,0,0,0,0,0,0
data,742797,119,1,10000,828,2767,288823,7334,raw_ad5933_range4_pga1,0,0,0,0,0,0,0,0,0,0,0
data,742931,119,2,15000,355,3041,306165,8334,raw_ad5933_range4_pga1,0,0,0,0,0,0,0,0,0,0,0
data,743066,119,3,20000,-20,3139,313906,9036,raw_ad5933_range4_pga1,0,0,0,0,0,0,0,0,0,0,0
data,743200,119,4,25000,-325,3154,317070,9588,raw_ad5933_range4_pga1,0,0,0,0,0,0,0,0,0,0,0
data,743336,119,5,30000,-585,3131,318518,10058,raw_ad5933_range4_pga1,0,0,0,0,0,0,0,0,0,0,0
data,743472,119,6,35000,-826,3086,319463,10498,raw_ad5933_range4_pga1,0,0,0,0,0,0,0,0,0,0,0
data,743609,119,7,40000,-1044,3035,320954,10898,raw_ad5933_range4_pga1,0,0,0,0,0,0,0,0,0,0,0
data,743747,119,8,45000,-1247,2956,320826,11287,raw_ad5933_range4_pga1,0,0,0,0,0,0,0,0,0,0,0
data,743885,119,9,50000,-1438,2874,321368,11658,raw_ad5933_range4_pga1,0,0,0,0,0,0,0,0,0,0,0
data,744022,119,10,55000,-1612,2775,320923,12015,raw_ad5933_range4_pga1,0,0,0,0,0,0,0,0,0,0,0
data,744161,119,11,60000,-1777,2669,320645,12365,raw_ad5933_range4_pga1,0,0,0,0,0,0,0,0,0,0,0
data,744300,119,12,65000,-1942,2556,321006,12722,raw_ad5933_range4_pga1,0,0,0,0,0,0,0,0,0,0,0
data,744439,119,13,70000,-2080,2434,320168,13051,raw_ad5933_range4_pga1,0,0,0,0,0,0,0,0,0,0,0
data,744578,119,14,75000,-2225,2306,320441,13397,raw_ad5933_range4_pga1,0,0,0,0,0,0,0,0,0,0,0
data,744717,119,15,80000,-2346,2170,319572,13723,raw_ad5933_range4_pga1,0,0,0,0,0,0,0,0,0,0,0
data,744856,119,16,85000,-2465,2028,319202,14055,raw_ad5933_range4_pga1,0,0,0,0,0,0,0,0,0,0,0
data,744995,119,17,90000,-2587,1879,319738,14400,raw_ad5933_range4_pga1,0,0,0,0,0,0,0,0,0,0,0
data,745134,119,18,95000,-2681,1723,318692,14727,raw_ad5933_range4_pga1,0,0,0,0,0,0,0,0,0,0,0
data,745273,119,19,100000,-2770,1566,318202,15051,raw_ad5933_range4_pga1,0,0,0,0,0,0,0,0,0,0,0
status,745391,119,0,0,0,0,0,0,sweep_end,0,0,0,0,0,0,0,0,0,0,0
status,748468,0,0,0,0,0,0,0,i2c_pc8_pc9_scan_start
status,748631,0,0,0,0,0,0,0,i2c_pc8_pc9_found_0x68
status,748706,0,0,0,0,0,0,0,i2c_pc8_pc9_scan_end_count_1
imu,748790,0,0,0,0,0,0,0,imu_not_ready,0x68,0xFF,0,0,0,0,0,0,0,0x00,0
status,748871,120,0,0,0,0,0,0,sweep_start_5k_to_100k,0,0,0,0,0,0,0,0,0,0,0
data,749043,120,0,5000,1305,1903,230747,5555,raw_ad5933_range4_pga1,0,0,0,0,0,0,0,0,0,0,0
data,749177,120,1,10000,835,2759,288259,7316,raw_ad5933_range4_pga1,0,0,0,0,0,0,0,0,0,0,0
data,749311,120,2,15000,352,3041,306130,8339,raw_ad5933_range4_pga1,0,0,0,0,0,0,0,0,0,0,0
data,749446,120,3,20000,-25,3139,313910,9045,raw_ad5933_range4_pga1,0,0,0,0,0,0,0,0,0,0,0
data,749580,120,4,25000,-326,3149,316583,9591,raw_ad5933_range4_pga1,0,0,0,0,0,0,0,0,0,0,0
data,749716,120,5,30000,-591,3131,318629,10068,raw_ad5933_range4_pga1,0,0,0,0,0,0,0,0,0,0,0
data,749852,120,6,35000,-830,3092,320146,10502,raw_ad5933_range4_pga1,0,0,0,0,0,0,0,0,0,0,0
data,749989,120,7,40000,-1040,3036,320919,10890,raw_ad5933_range4_pga1,0,0,0,0,0,0,0,0,0,0,0
data,750127,120,8,45000,-1244,2957,320802,11281,raw_ad5933_range4_pga1,0,0,0,0,0,0,0,0,0,0,0
data,750265,120,9,50000,-1433,2873,321055,11650,raw_ad5933_range4_pga1,0,0,0,0,0,0,0,0,0,0,0
data,750402,120,10,55000,-1614,2775,321024,12018,raw_ad5933_range4_pga1,0,0,0,0,0,0,0,0,0,0,0
data,750541,120,11,60000,-1778,2669,320700,12367,raw_ad5933_range4_pga1,0,0,0,0,0,0,0,0,0,0,0
data,750680,120,12,65000,-1936,2561,321042,12708,raw_ad5933_range4_pga1,0,0,0,0,0,0,0,0,0,0,0
data,750819,120,13,70000,-2074,2434,319779,13043,raw_ad5933_range4_pga1,0,0,0,0,0,0,0,0,0,0,0
data,750958,120,14,75000,-2230,2304,320645,13406,raw_ad5933_range4_pga1,0,0,0,0,0,0,0,0,0,0,0
data,751097,120,15,80000,-2352,2166,319741,13735,raw_ad5933_range4_pga1,0,0,0,0,0,0,0,0,0,0,0
data,751236,120,16,85000,-2471,2023,319349,14069,raw_ad5933_range4_pga1,0,0,0,0,0,0,0,0,0,0,0
data,751375,120,17,90000,-2584,1878,319436,14399,raw_ad5933_range4_pga1,0,0,0,0,0,0,0,0,0,0,0
data,751514,120,18,95000,-2679,1723,318524,14725,raw_ad5933_range4_pga1,0,0,0,0,0,0,0,0,0,0,0
data,751653,120,19,100000,-2771,1568,318388,15049,raw_ad5933_range4_pga1,0,0,0,0,0,0,0,0,0,0,0
status,751771,120,0,0,0,0,0,0,sweep_end,0,0,0,0,0,0,0,0,0,0,0
status,754848,0,0,0,0,0,0,0,i2c_pc8_pc9_scan_start
status,755011,0,0,0,0,0,0,0,i2c_pc8_pc9_found_0x68
status,755086,0,0,0,0,0,0,0,i2c_pc8_pc9_scan_end_count_1
imu,755170,0,0,0,0,0,0,0,imu_not_ready,0x68,0xFF,0,0,0,0,0,0,0,0x00,0
status,755251,121,0,0,0,0,0,0,sweep_start_5k_to_100k,0,0,0,0,0,0,0,0,0,0,0
data,755423,121,0,5000,1312,1894,230404,5528,raw_ad5933_range4_pga1,0,0,0,0,0,0,0,0,0,0,0
data,755557,121,1,10000,831,2766,288813,7327,raw_ad5933_range4_pga1,0,0,0,0,0,0,0,0,0,0,0
data,755691,121,2,15000,349,3043,306295,8345,raw_ad5933_range4_pga1,0,0,0,0,0,0,0,0,0,0,0
data,755826,121,3,20000,-30,3130,313014,9054,raw_ad5933_range4_pga1,0,0,0,0,0,0,0,0,0,0,0
data,755960,121,4,25000,-326,3152,316881,9590,raw_ad5933_range4_pga1,0,0,0,0,0,0,0,0,0,0,0
data,756096,121,5,30000,-588,3130,318475,10063,raw_ad5933_range4_pga1,0,0,0,0,0,0,0,0,0,0,0
data,756232,121,6,35000,-826,3090,319850,10496,raw_ad5933_range4_pga1,0,0,0,0,0,0,0,0,0,0,0
data,756369,121,7,40000,-1042,3030,320416,10897,raw_ad5933_range4_pga1,0,0,0,0,0,0,0,0,0,0,0
data,756507,121,8,45000,-1245,2958,320933,11282,raw_ad5933_range4_pga1,0,0,0,0,0,0,0,0,0,0,0
data,756645,121,9,50000,-1423,2868,320162,11638,raw_ad5933_range4_pga1,0,0,0,0,0,0,0,0,0,0,0
data,756782,121,10,55000,-1617,2783,321866,12015,raw_ad5933_range4_pga1,0,0,0,0,0,0,0,0,0,0,0
data,756921,121,11,60000,-1778,2672,320950,12364,raw_ad5933_range4_pga1,0,0,0,0,0,0,0,0,0,0,0
data,757060,121,12,65000,-1940,2560,321204,12715,raw_ad5933_range4_pga1,0,0,0,0,0,0,0,0,0,0,0
data,757199,121,13,70000,-2083,2435,320439,13054,raw_ad5933_range4_pga1,0,0,0,0,0,0,0,0,0,0,0
data,757338,121,14,75000,-2223,2302,320015,13399,raw_ad5933_range4_pga1,0,0,0,0,0,0,0,0,0,0,0
data,757477,121,15,80000,-2356,2162,319765,13745,raw_ad5933_range4_pga1,0,0,0,0,0,0,0,0,0,0,0
data,757616,121,16,85000,-2476,2020,319546,14079,raw_ad5933_range4_pga1,0,0,0,0,0,0,0,0,0,0,0
data,757755,121,17,90000,-2575,1870,318238,14401,raw_ad5933_range4_pga1,0,0,0,0,0,0,0,0,0,0,0
data,757894,121,18,95000,-2679,1722,318470,14726,raw_ad5933_range4_pga1,0,0,0,0,0,0,0,0,0,0,0
data,758033,121,19,100000,-2766,1568,317953,15045,raw_ad5933_range4_pga1,0,0,0,0,0,0,0,0,0,0,0
status,758151,121,0,0,0,0,0,0,sweep_end,0,0,0,0,0,0,0,0,0,0,0
status,761228,0,0,0,0,0,0,0,i2c_pc8_pc9_scan_start
status,761391,0,0,0,0,0,0,0,i2c_pc8_pc9_found_0x68
status,761466,0,0,0,0,0,0,0,i2c_pc8_pc9_scan_end_count_1
imu,761550,0,0,0,0,0,0,0,imu_not_ready,0x68,0x7F,0,0,0,0,0,0,0,0x00,0
status,761631,122,0,0,0,0,0,0,sweep_start_5k_to_100k,0,0,0,0,0,0,0,0,0,0,0
data,761803,122,0,5000,1305,1899,230418,5550,raw_ad5933_range4_pga1,0,0,0,0,0,0,0,0,0,0,0
data,761937,122,1,10000,822,2763,288268,7343,raw_ad5933_range4_pga1,0,0,0,0,0,0,0,0,0,0,0
data,762071,122,2,15000,352,3045,306528,8340,raw_ad5933_range4_pga1,0,0,0,0,0,0,0,0,0,0,0
data,762206,122,3,20000,-23,3138,313808,9041,raw_ad5933_range4_pga1,0,0,0,0,0,0,0,0,0,0,0
data,762340,122,4,25000,-323,3160,317647,9583,raw_ad5933_range4_pga1,0,0,0,0,0,0,0,0,0,0,0
data,762476,122,5,30000,-593,3136,319157,10070,raw_ad5933_range4_pga1,0,0,0,0,0,0,0,0,0,0,0
data,762612,122,6,35000,-831,3090,319979,10505,raw_ad5933_range4_pga1,0,0,0,0,0,0,0,0,0,0,0
data,762749,122,7,40000,-1043,3035,320922,10896,raw_ad5933_range4_pga1,0,0,0,0,0,0,0,0,0,0,0
data,762887,122,8,45000,-1245,2962,321302,11279,raw_ad5933_range4_pga1,0,0,0,0,0,0,0,0,0,0,0
data,763025,122,9,50000,-1437,2871,321055,11658,raw_ad5933_range4_pga1,0,0,0,0,0,0,0,0,0,0,0
data,763162,122,10,55000,-1609,2777,320946,12008,raw_ad5933_range4_pga1,0,0,0,0,0,0,0,0,0,0,0
data,763301,122,11,60000,-1780,2669,320811,12369,raw_ad5933_range4_pga1,0,0,0,0,0,0,0,0,0,0,0
data,763440,122,12,65000,-1937,2559,320943,12712,raw_ad5933_range4_pga1,0,0,0,0,0,0,0,0,0,0,0
data,763579,122,13,70000,-2080,2434,320168,13051,raw_ad5933_range4_pga1,0,0,0,0,0,0,0,0,0,0,0
data,763718,122,14,75000,-2225,2311,320801,13391,raw_ad5933_range4_pga1,0,0,0,0,0,0,0,0,0,0,0
data,763857,122,15,80000,-2353,2167,319883,13735,raw_ad5933_range4_pga1,0,0,0,0,0,0,0,0,0,0,0
data,763996,122,16,85000,-2468,2028,319434,14058,raw_ad5933_range4_pga1,0,0,0,0,0,0,0,0,0,0,0
data,764135,122,17,90000,-2580,1879,319171,14393,raw_ad5933_range4_pga1,0,0,0,0,0,0,0,0,0,0,0
data,764274,122,18,95000,-2686,1724,319167,14730,raw_ad5933_range4_pga1,0,0,0,0,0,0,0,0,0,0,0
data,764413,122,19,100000,-2773,1569,318611,15049,raw_ad5933_range4_pga1,0,0,0,0,0,0,0,0,0,0,0
status,764531,122,0,0,0,0,0,0,sweep_end,0,0,0,0,0,0,0,0,0,0,0
status,767608,0,0,0,0,0,0,0,i2c_pc8_pc9_scan_start
status,767771,0,0,0,0,0,0,0,i2c_pc8_pc9_found_0x68
status,767846,0,0,0,0,0,0,0,i2c_pc8_pc9_scan_end_count_1
imu,767930,0,0,0,0,0,0,0,imu_not_ready,0x68,0x68,0,0,0,0,0,0,0,0x00,0
status,768011,123,0,0,0,0,0,0,sweep_start_5k_to_100k,0,0,0,0,0,0,0,0,0,0,0
data,768183,123,0,5000,1309,1904,231056,5549,raw_ad5933_range4_pga1,0,0,0,0,0,0,0,0,0,0,0
data,768317,123,1,10000,826,2769,288957,7339,raw_ad5933_range4_pga1,0,0,0,0,0,0,0,0,0,0,0
data,768451,123,2,15000,349,3039,305897,8344,raw_ad5933_range4_pga1,0,0,0,0,0,0,0,0,0,0,0
data,768586,123,3,20000,-30,3134,313414,9054,raw_ad5933_range4_pga1,0,0,0,0,0,0,0,0,0,0,0
data,768720,123,4,25000,-329,3151,316813,9596,raw_ad5933_range4_pga1,0,0,0,0,0,0,0,0,0,0,0
data,768856,123,5,30000,-600,3132,318895,10084,raw_ad5933_range4_pga1,0,0,0,0,0,0,0,0,0,0,0
data,768992,123,6,35000,-833,3079,318969,10513,raw_ad5933_range4_pga1,0,0,0,0,0,0,0,0,0,0,0
data,769129,123,7,40000,-1044,3030,320481,10901,raw_ad5933_range4_pga1,0,0,0,0,0,0,0,0,0,0,0
data,769267,123,8,45000,-1247,2958,321010,11285,raw_ad5933_range4_pga1,0,0,0,0,0,0,0,0,0,0,0
data,769405,123,9,50000,-1434,2878,321547,11648,raw_ad5933_range4_pga1,0,0,0,0,0,0,0,0,0,0,0
data,769542,123,10,55000,-1608,2777,320896,12007,raw_ad5933_range4_pga1,0,0,0,0,0,0,0,0,0,0,0
data,769681,123,11,60000,-1785,2674,321504,12372,raw_ad5933_range4_pga1,0,0,0,0,0,0,0,0,0,0,0
data,769820,123,12,65000,-1938,2556,320764,12716,raw_ad5933_range4_pga1,0,0,0,0,0,0,0,0,0,0,0
data,769959,123,13,70000,-2083,2435,320439,13054,raw_ad5933_range4_pga1,0,0,0,0,0,0,0,0,0,0,0
data,770098,123,14,75000,-2224,2303,320156,13400,raw_ad5933_range4_pga1,0,0,0,0,0,0,0,0,0,0,0
data,770237,123,15,80000,-2348,2167,319515,13729,raw_ad5933_range4_pga1,0,0,0,0,0,0,0,0,0,0,0
data,770376,123,16,85000,-2466,2030,319407,14053,raw_ad5933_range4_pga1,0,0,0,0,0,0,0,0,0,0,0
data,770515,123,17,90000,-2580,1876,318995,14397,raw_ad5933_range4_pga1,0,0,0,0,0,0,0,0,0,0,0
data,770654,123,18,95000,-2679,1724,318578,14723,raw_ad5933_range4_pga1,0,0,0,0,0,0,0,0,0,0,0
data,770793,123,19,100000,-2768,1562,317831,15056,raw_ad5933_range4_pga1,0,0,0,0,0,0,0,0,0,0,0
status,770911,123,0,0,0,0,0,0,sweep_end,0,0,0,0,0,0,0,0,0,0,0
status,773988,0,0,0,0,0,0,0,i2c_pc8_pc9_scan_start
status,774151,0,0,0,0,0,0,0,i2c_pc8_pc9_found_0x68
status,774226,0,0,0,0,0,0,0,i2c_pc8_pc9_scan_end_count_1
imu,774310,0,0,0,0,0,0,0,imu_not_ready,0x68,0x7F,0,0,0,0,0,0,0,0x00,0
status,774391,124,0,0,0,0,0,0,sweep_start_5k_to_100k,0,0,0,0,0,0,0,0,0,0,0
data,774563,124,0,5000,1308,1900,230670,5545,raw_ad5933_range4_pga1,0,0,0,0,0,0,0,0,0,0,0
data,774697,124,1,10000,826,2769,288957,7339,raw_ad5933_range4_pga1,0,0,0,0,0,0,0,0,0,0,0
data,774831,124,2,15000,348,3035,305489,8345,raw_ad5933_range4_pga1,0,0,0,0,0,0,0,0,0,0,0
data,774966,124,3,20000,-25,3137,313710,9045,raw_ad5933_range4_pga1,0,0,0,0,0,0,0,0,0,0,0
data,775100,124,4,25000,-319,3151,316711,9578,raw_ad5933_range4_pga1,0,0,0,0,0,0,0,0,0,0,0
data,775236,124,5,30000,-589,3135,318985,10064,raw_ad5933_range4_pga1,0,0,0,0,0,0,0,0,0,0,0
data,775372,124,6,35000,-828,3087,319612,10501,raw_ad5933_range4_pga1,0,0,0,0,0,0,0,0,0,0,0
data,775509,124,7,40000,-1039,3034,320697,10890,raw_ad5933_range4_pga1,0,0,0,0,0,0,0,0,0,0,0
data,775647,124,8,45000,-1248,2964,321602,11283,raw_ad5933_range4_pga1,0,0,0,0,0,0,0,0,0,0,0
data,775785,124,9,50000,-1435,2867,320607,11658,raw_ad5933_range4_pga1,0,0,0,0,0,0,0,0,0,0,0
data,775922,124,10,55000,-1613,2779,321319,12013,raw_ad5933_range4_pga1,0,0,0,0,0,0,0,0,0,0,0
data,776061,124,11,60000,-1779,2670,320839,12367,raw_ad5933_range4_pga1,0,0,0,0,0,0,0,0,0,0,0
data,776200,124,12,65000,-1938,2556,320764,12716,raw_ad5933_range4_pga1,0,0,0,0,0,0,0,0,0,0,0
data,776339,124,13,70000,-2080,2436,320320,13049,raw_ad5933_range4_pga1,0,0,0,0,0,0,0,0,0,0,0
data,776478,124,14,75000,-2226,2302,320223,13403,raw_ad5933_range4_pga1,0,0,0,0,0,0,0,0,0,0,0
data,776617,124,15,80000,-2344,2178,319969,13710,raw_ad5933_range4_pga1,0,0,0,0,0,0,0,0,0,0,0
data,776756,124,16,85000,-2472,2022,319363,14071,raw_ad5933_range4_pga1,0,0,0,0,0,0,0,0,0,0,0
data,776895,124,17,90000,-2579,1876,318914,14396,raw_ad5933_range4_pga1,0,0,0,0,0,0,0,0,0,0,0
data,777034,124,18,95000,-2682,1721,318669,14731,raw_ad5933_range4_pga1,0,0,0,0,0,0,0,0,0,0,0
data,777173,124,19,100000,-2769,1564,318017,15054,raw_ad5933_range4_pga1,0,0,0,0,0,0,0,0,0,0,0
status,777291,124,0,0,0,0,0,0,sweep_end,0,0,0,0,0,0,0,0,0,0,0
status,780368,0,0,0,0,0,0,0,i2c_pc8_pc9_scan_start
status,780531,0,0,0,0,0,0,0,i2c_pc8_pc9_found_0x68
status,780606,0,0,0,0,0,0,0,i2c_pc8_pc9_scan_end_count_1
imu,780690,0,0,0,0,0,0,0,imu_not_ready,0x68,0x7F,0,0,0,0,0,0,0,0x00,0
status,780771,125,0,0,0,0,0,0,sweep_start_5k_to_100k,0,0,0,0,0,0,0,0,0,0,0
data,780943,125,0,5000,1305,1903,230747,5555,raw_ad5933_range4_pga1,0,0,0,0,0,0,0,0,0,0,0
data,781077,125,1,10000,838,2762,288633,7312,raw_ad5933_range4_pga1,0,0,0,0,0,0,0,0,0,0,0
data,781211,125,2,15000,354,3040,306054,8335,raw_ad5933_range4_pga1,0,0,0,0,0,0,0,0,0,0,0
data,781346,125,3,20000,-28,3143,314312,9051,raw_ad5933_range4_pga1,0,0,0,0,0,0,0,0,0,0,0
data,781480,125,4,25000,-326,3154,317080,9590,raw_ad5933_range4_pga1,0,0,0,0,0,0,0,0,0,0,0
data,781616,125,5,30000,-592,3132,318746,10070,raw_ad5933_range4_pga1,0,0,0,0,0,0,0,0,0,0,0
data,781752,125,6,35000,-831,3086,319593,10507,raw_ad5933_range4_pga1,0,0,0,0,0,0,0,0,0,0,0
data,781889,125,7,40000,-1044,3031,320576,10900,raw_ad5933_range4_pga1,0,0,0,0,0,0,0,0,0,0,0
data,782027,125,8,45000,-1247,2958,321010,11285,raw_ad5933_range4_pga1,0,0,0,0,0,0,0,0,0,0,0
data,782165,125,9,50000,-1435,2874,321234,11653,raw_ad5933_range4_pga1,0,0,0,0,0,0,0,0,0,0,0
data,782302,125,10,55000,-1608,2777,320896,12007,raw_ad5933_range4_pga1,0,0,0,0,0,0,0,0,0,0,0
data,782441,125,11,60000,-1790,2665,321035,12388,raw_ad5933_range4_pga1,0,0,0,0,0,0,0,0,0,0,0
data,782580,125,12,65000,-1942,2554,320847,12724,raw_ad5933_range4_pga1,0,0,0,0,0,0,0,0,0,0,0
data,782719,125,13,70000,-2088,2434,320688,13062,raw_ad5933_range4_pga1,0,0,0,0,0,0,0,0,0,0,0
data,782858,125,14,75000,-2222,2306,320233,13393,raw_ad5933_range4_pga1,0,0,0,0,0,0,0,0,0,0,0
data,782997,125,15,80000,-2353,2166,319815,13736,raw_ad5933_range4_pga1,0,0,0,0,0,0,0,0,0,0,0
data,783136,125,16,85000,-2469,2025,319321,14064,raw_ad5933_range4_pga1,0,0,0,0,0,0,0,0,0,0,0
data,783275,125,17,90000,-2578,1879,319010,14391,raw_ad5933_range4_pga1,0,0,0,0,0,0,0,0,0,0,0
data,783414,125,18,95000,-2684,1728,319215,14722,raw_ad5933_range4_pga1,0,0,0,0,0,0,0,0,0,0,0
data,783553,125,19,100000,-2771,1569,318437,15048,raw_ad5933_range4_pga1,0,0,0,0,0,0,0,0,0,0,0
status,783671,125,0,0,0,0,0,0,sweep_end,0,0,0,0,0,0,0,0,0,0,0
status,786748,0,0,0,0,0,0,0,i2c_pc8_pc9_scan_start
status,786911,0,0,0,0,0,0,0,i2c_pc8_pc9_found_0x68
status,786986,0,0,0,0,0,0,0,i2c_pc8_pc9_scan_end_count_1
imu,787058,0,0,0,0,0,0,0,imu_not_ready,0x68,0xFF,0,0,0,0,0,0,0,0x00,0
status,787139,126,0,0,0,0,0,0,sweep_start_5k_to_100k,0,0,0,0,0,0,0,0,0,0,0
data,787311,126,0,5000,1310,1898,230619,5538,raw_ad5933_range4_pga1,0,0,0,0,0,0,0,0,0,0,0
data,787445,126,1,10000,825,2768,288833,7340,raw_ad5933_range4_pga1,0,0,0,0,0,0,0,0,0,0,0
data,787579,126,2,15000,350,3044,306406,8344,raw_ad5933_range4_pga1,0,0,0,0,0,0,0,0,0,0,0
data,787714,126,3,20000,-22,3138,313808,9040,raw_ad5933_range4_pga1,0,0,0,0,0,0,0,0,0,0,0
data,787848,126,4,25000,-321,3145,316134,9582,raw_ad5933_range4_pga1,0,0,0,0,0,0,0,0,0,0,0
data,787984,126,5,30000,-590,3134,318905,10066,raw_ad5933_range4_pga1,0,0,0,0,0,0,0,0,0,0,0
data,788120,126,6,35000,-828,3088,319708,10500,raw_ad5933_range4_pga1,0,0,0,0,0,0,0,0,0,0,0
data,788257,126,7,40000,-1045,3030,320514,10902,raw_ad5933_range4_pga1,0,0,0,0,0,0,0,0,0,0,0
data,788395,126,8,45000,-1241,2971,321977,11267,raw_ad5933_range4_pga1,0,0,0,0,0,0,0,0,0,0,0
data,788533,126,9,50000,-1429,2866,320250,11650,raw_ad5933_range4_pga1,0,0,0,0,0,0,0,0,0,0,0
data,788671,126,10,55000,-1614,2775,321024,12018,raw_ad5933_range4_pga1,0,0,0,0,0,0,0,0,0,0,0
data,788809,126,11,60000,-1778,2673,321033,12363,raw_ad5933_range4_pga1,0,0,0,0,0,0,0,0,0,0,0
data,788948,126,12,65000,-1937,2558,320863,12713,raw_ad5933_range4_pga1,0,0,0,0,0,0,0,0,0,0,0
data,789087,126,13,70000,-2087,2440,321079,13054,raw_ad5933_range4_pga1,0,0,0,0,0,0,0,0,0,0,0
data,789226,126,14,75000,-2220,2298,319518,13401,raw_ad5933_range4_pga1,0,0,0,0,0,0,0,0,0,0,0
data,789365,126,15,80000,-2347,2153,318494,13746,raw_ad5933_range4_pga1,0,0,0,0,0,0,0,0,0,0,0
data,789504,126,16,85000,-2471,2025,319476,14066,raw_ad5933_range4_pga1,0,0,0,0,0,0,0,0,0,0,0
data,789643,126,17,90000,-2580,1877,319054,14396,raw_ad5933_range4_pga1,0,0,0,0,0,0,0,0,0,0,0
data,789782,126,18,95000,-2684,1718,318675,14737,raw_ad5933_range4_pga1,0,0,0,0,0,0,0,0,0,0,0
data,789921,126,19,100000,-2772,1564,318278,15056,raw_ad5933_range4_pga1,0,0,0,0,0,0,0,0,0,0,0
status,790039,126,0,0,0,0,0,0,sweep_end,0,0,0,0,0,0,0,0,0,0,0
status,793117,0,0,0,0,0,0,0,i2c_pc8_pc9_scan_start
status,793280,0,0,0,0,0,0,0,i2c_pc8_pc9_found_0x68
status,793355,0,0,0,0,0,0,0,i2c_pc8_pc9_scan_end_count_1
imu,793427,0,0,0,0,0,0,0,imu_not_ready,0x68,0xFF,0,0,0,0,0,0,0,0x00,0
status,793508,127,0,0,0,0,0,0,sweep_start_5k_to_100k,0,0,0,0,0,0,0,0,0,0,0
data,793680,127,0,5000,1309,1897,230480,5539,raw_ad5933_range4_pga1,0,0,0,0,0,0,0,0,0,0,0
data,793814,127,1,10000,827,2769,288986,7337,raw_ad5933_range4_pga1,0,0,0,0,0,0,0,0,0,0,0
data,793948,127,2,15000,338,3043,306171,8366,raw_ad5933_range4_pga1,0,0,0,0,0,0,0,0,0,0,0
data,794083,127,3,20000,-22,3141,314108,9040,raw_ad5933_range4_pga1,0,0,0,0,0,0,0,0,0,0,0
data,794217,127,4,25000,-330,3152,316923,9597,raw_ad5933_range4_pga1,0,0,0,0,0,0,0,0,0,0,0
data,794353,127,5,30000,-583,3130,318383,10055,raw_ad5933_range4_pga1,0,0,0,0,0,0,0,0,0,0,0
data,794489,127,6,35000,-829,3094,320314,10499,raw_ad5933_range4_pga1,0,0,0,0,0,0,0,0,0,0,0
data,794626,127,7,40000,-1044,3033,320765,10899,raw_ad5933_range4_pga1,0,0,0,0,0,0,0,0,0,0,0
data,794764,127,8,45000,-1245,2956,320749,11283,raw_ad5933_range4_pga1,0,0,0,0,0,0,0,0,0,0,0
data,794902,127,9,50000,-1435,2876,321413,11651,raw_ad5933_range4_pga1,0,0,0,0,0,0,0,0,0,0,0
data,795039,127,10,55000,-1610,2769,320304,12017,raw_ad5933_range4_pga1,0,0,0,0,0,0,0,0,0,0,0
data,795178,127,11,60000,-1784,2686,322448,12359,raw_ad5933_range4_pga1,0,0,0,0,0,0,0,0,0,0,0
data,795317,127,12,65000,-1935,2557,320663,12711,raw_ad5933_range4_pga1,0,0,0,0,0,0,0,0,0,0,0
data,795456,127,13,70000,-2086,2432,320406,13062,raw_ad5933_range4_pga1,0,0,0,0,0,0,0,0,0,0,0
data,795595,127,14,75000,-2221,2306,320164,13392,raw_ad5933_range4_pga1,0,0,0,0,0,0,0,0,0,0,0
data,795734,127,15,80000,-2347,2171,319713,13723,raw_ad5933_range4_pga1,0,0,0,0,0,0,0,0,0,0,0
data,795873,127,16,85000,-2473,2031,320011,14060,raw_ad5933_range4_pga1,0,0,0,0,0,0,0,0,0,0,0
data,796012,127,17,90000,-2582,1876,319157,14399,raw_ad5933_range4_pga1,0,0,0,0,0,0,0,0,0,0,0
data,796151,127,18,95000,-2675,1722,318134,14722,raw_ad5933_range4_pga1,0,0,0,0,0,0,0,0,0,0,0
data,796290,127,19,100000,-2769,1565,318066,15052,raw_ad5933_range4_pga1,0,0,0,0,0,0,0,0,0,0,0
status,796408,127,0,0,0,0,0,0,sweep_end,0,0,0,0,0,0,0,0,0,0,0
status,799486,0,0,0,0,0,0,0,i2c_pc8_pc9_scan_start
status,799649,0,0,0,0,0,0,0,i2c_pc8_pc9_found_0x68
status,799724,0,0,0,0,0,0,0,i2c_pc8_pc9_scan_end_count_1
imu,799796,0,0,0,0,0,0,0,imu_not_ready,0x68,0xFF,0,0,0,0,0,0,0,0x00,0
status,799877,128,0,0,0,0,0,0,sweep_start_5k_to_100k,0,0,0,0,0,0,0,0,0,0,0
data,800049,128,0,5000,1315,1904,231397,5536,raw_ad5933_range4_pga1,0,0,0,0,0,0,0,0,0,0,0
data,800183,128,1,10000,829,2770,289139,7333,raw_ad5933_range4_pga1,0,0,0,0,0,0,0,0,0,0,0
data,800317,128,2,15000,351,3041,306119,8341,raw_ad5933_range4_pga1,0,0,0,0,0,0,0,0,0,0,0
data,800452,128,3,20000,-22,3140,314008,9040,raw_ad5933_range4_pga1,0,0,0,0,0,0,0,0,0,0,0
data,800586,128,4,25000,-324,3153,316960,9586,raw_ad5933_range4_pga1,0,0,0,0,0,0,0,0,0,0,0
data,800722,128,5,30000,-591,3132,318727,10068,raw_ad5933_range4_pga1,0,0,0,0,0,0,0,0,0,0,0
data,800858,128,6,35000,-824,3094,320185,10491,raw_ad5933_range4_pga1,0,0,0,0,0,0,0,0,0,0,0
data,800995,128,7,40000,-1043,3033,320733,10897,raw_ad5933_range4_pga1,0,0,0,0,0,0,0,0,0,0,0
data,801133,128,8,45000,-1247,2959,321103,11285,raw_ad5933_range4_pga1,0,0,0,0,0,0,0,0,0,0,0
data,801271,128,9,50000,-1433,2872,320965,11651,raw_ad5933_range4_pga1,0,0,0,0,0,0,0,0,0,0,0
data,801409,128,10,55000,-1609,2777,320946,12008,raw_ad5933_range4_pga1,0,0,0,0,0,0,0,0,0,0,0
data,801547,128,11,60000,-1777,2663,320145,12371,raw_ad5933_range4_pga1,0,0,0,0,0,0,0,0,0,0,0
data,801686,128,12,65000,-1930,2556,320282,12705,raw_ad5933_range4_pga1,0,0,0,0,0,0,0,0,0,0,0
data,801825,128,13,70000,-2085,2436,320645,13056,raw_ad5933_range4_pga1,0,0,0,0,0,0,0,0,0,0,0
data,801964,128,14,75000,-2224,2305,320300,13397,raw_ad5933_range4_pga1,0,0,0,0,0,0,0,0,0,0,0
data,802103,128,15,80000,-2353,2169,320018,13733,raw_ad5933_range4_pga1,0,0,0,0,0,0,0,0,0,0,0
data,802242,128,16,85000,-2473,2024,319567,14070,raw_ad5933_range4_pga1,0,0,0,0,0,0,0,0,0,0,0
data,802381,128,17,90000,-2578,1874,318716,14398,raw_ad5933_range4_pga1,0,0,0,0,0,0,0,0,0,0,0
data,802520,128,18,95000,-2683,1726,319023,14724,raw_ad5933_range4_pga1,0,0,0,0,0,0,0,0,0,0,0
data,802659,128,19,100000,-2769,1556,317624,15066,raw_ad5933_range4_pga1,0,0,0,0,0,0,0,0,0,0,0
status,802777,128,0,0,0,0,0,0,sweep_end,0,0,0,0,0,0,0,0,0,0,0
status,805855,0,0,0,0,0,0,0,i2c_pc8_pc9_scan_start
status,806018,0,0,0,0,0,0,0,i2c_pc8_pc9_found_0x68
status,806093,0,0,0,0,0,0,0,i2c_pc8_pc9_scan_end_count_1
imu,806165,0,0,0,0,0,0,0,imu_not_ready,0x68,0xFF,0,0,0,0,0,0,0,0x00,0
status,806246,129,0,0,0,0,0,0,sweep_start_5k_to_100k,0,0,0,0,0,0,0,0,0,0,0
data,806418,129,0,5000,1311,1899,230758,5538,raw_ad5933_range4_pga1,0,0,0,0,0,0,0,0,0,0,0
data,806552,129,1,10000,822,2770,288939,7347,raw_ad5933_range4_pga1,0,0,0,0,0,0,0,0,0,0,0
data,806686,129,2,15000,352,3038,305832,8339,raw_ad5933_range4_pga1,0,0,0,0,0,0,0,0,0,0,0
data,806821,129,3,20000,-21,3132,313207,9038,raw_ad5933_range4_pga1,0,0,0,0,0,0,0,0,0,0,0
data,806955,129,4,25000,-326,3151,316782,9590,raw_ad5933_range4_pga1,0,0,0,0,0,0,0,0,0,0,0
data,807091,129,5,30000,-589,3137,319182,10063,raw_ad5933_range4_pga1,0,0,0,0,0,0,0,0,0,0,0
data,807227,129,6,35000,-827,3090,319875,10498,raw_ad5933_range4_pga1,0,0,0,0,0,0,0,0,0,0,0
data,807364,129,7,40000,-1044,3025,320009,10904,raw_ad5933_range4_pga1,0,0,0,0,0,0,0,0,0,0,0
data,807502,129,8,45000,-1242,2950,320079,11283,raw_ad5933_range4_pga1,0,0,0,0,0,0,0,0,0,0,0
data,807640,129,9,50000,-1435,2874,321234,11653,raw_ad5933_range4_pga1,0,0,0,0,0,0,0,0,0,0,0
data,807777,129,10,55000,-1608,2773,320549,12010,raw_ad5933_range4_pga1,0,0,0,0,0,0,0,0,0,0,0
data,807916,129,11,60000,-1776,2666,320339,12367,raw_ad5933_range4_pga1,0,0,0,0,0,0,0,0,0,0,0
data,808055,129,12,65000,-1935,2550,320105,12719,raw_ad5933_range4_pga1,0,0,0,0,0,0,0,0,0,0,0
data,808194,129,13,70000,-2090,2434,320819,13065,raw_ad5933_range4_pga1,0,0,0,0,0,0,0,0,0,0,0
data,808333,129,14,75000,-2225,2303,320225,13401,raw_ad5933_range4_pga1,0,0,0,0,0,0,0,0,0,0,0
data,808472,129,15,80000,-2355,2171,320301,13732,raw_ad5933_range4_pga1,0,0,0,0,0,0,0,0,0,0,0
data,808611,129,16,85000,-2469,2025,319321,14064,raw_ad5933_range4_pga1,0,0,0,0,0,0,0,0,0,0,0
data,808750,129,17,90000,-2579,1876,318914,14396,raw_ad5933_range4_pga1,0,0,0,0,0,0,0,0,0,0,0
data,808889,129,18,95000,-2682,1723,318777,14728,raw_ad5933_range4_pga1,0,0,0,0,0,0,0,0,0,0,0
data,809028,129,19,100000,-2774,1570,318747,15049,raw_ad5933_range4_pga1,0,0,0,0,0,0,0,0,0,0,0
status,809146,129,0,0,0,0,0,0,sweep_end,0,0,0,0,0,0,0,0,0,0,0
status,812223,0,0,0,0,0,0,0,i2c_pc8_pc9_scan_start
status,812386,0,0,0,0,0,0,0,i2c_pc8_pc9_found_0x68
status,812461,0,0,0,0,0,0,0,i2c_pc8_pc9_scan_end_count_1
imu,812533,0,0,0,0,0,0,0,imu_not_ready,0x68,0xFF,0,0,0,0,0,0,0,0x00,0
status,812614,130,0,0,0,0,0,0,sweep_start_5k_to_100k,0,0,0,0,0,0,0,0,0,0,0
data,812786,130,0,5000,1309,1902,230891,5546,raw_ad5933_range4_pga1,0,0,0,0,0,0,0,0,0,0,0
data,812920,130,1,10000,840,2776,290031,7316,raw_ad5933_range4_pga1,0,0,0,0,0,0,0,0,0,0,0
data,813054,130,2,15000,350,3045,306505,8344,raw_ad5933_range4_pga1,0,0,0,0,0,0,0,0,0,0,0
data,813189,130,3,20000,-23,3140,314008,9041,raw_ad5933_range4_pga1,0,0,0,0,0,0,0,0,0,0,0
data,813323,130,4,25000,-329,3153,317012,9595,raw_ad5933_range4_pga1,0,0,0,0,0,0,0,0,0,0,0
data,813459,130,5,30000,-591,3135,319022,10067,raw_ad5933_range4_pga1,0,0,0,0,0,0,0,0,0,0,0
data,813595,130,6,35000,-828,3089,319805,10500,raw_ad5933_range4_pga1,0,0,0,0,0,0,0,0,0,0,0
data,813732,130,7,40000,-1040,3034,320730,10892,raw_ad5933_range4_pga1,0,0,0,0,0,0,0,0,0,0,0
data,813870,130,8,45000,-1245,2957,320841,11283,raw_ad5933_range4_pga1,0,0,0,0,0,0,0,0,0,0,0
data,814008,130,9,50000,-1434,2870,320831,11654,raw_ad5933_range4_pga1,0,0,0,0,0,0,0,0,0,0,0
data,814146,130,10,55000,-1614,2773,320851,12020,raw_ad5933_range4_pga1,0,0,0,0,0,0,0,0,0,0,0
data,814284,130,11,60000,-1777,2670,320728,12364,raw_ad5933_range4_pga1,0,0,0,0,0,0,0,0,0,0,0
data,814423,130,12,65000,-1936,2550,320166,12720,raw_ad5933_range4_pga1,0,0,0,0,0,0,0,0,0,0,0
data,814562,130,13,70000,-2081,2437,320461,13049,raw_ad5933_range4_pga1,0,0,0,0,0,0,0,0,0,0,0
data,814701,130,14,75000,-2221,2307,320236,13391,raw_ad5933_range4_pga1,0,0,0,0,0,0,0,0,0,0,0
data,814840,130,15,80000,-2352,2170,320013,13730,raw_ad5933_range4_pga1,0,0,0,0,0,0,0,0,0,0,0
data,814979,130,16,85000,-2473,2022,319440,14072,raw_ad5933_range4_pga1,0,0,0,0,0,0,0,0,0,0,0
data,815118,130,17,90000,-2582,1875,319098,14401,raw_ad5933_range4_pga1,0,0,0,0,0,0,0,0,0,0,0
data,815257,130,18,95000,-2688,1717,318958,14743,raw_ad5933_range4_pga1,0,0,0,0,0,0,0,0,0,0,0
data,815396,130,19,100000,-2767,1572,318237,15039,raw_ad5933_range4_pga1,0,0,0,0,0,0,0,0,0,0,0
status,815514,130,0,0,0,0,0,0,sweep_end,0,0,0,0,0,0,0,0,0,0,0
status,818592,0,0,0,0,0,0,0,i2c_pc8_pc9_scan_start
status,818755,0,0,0,0,0,0,0,i2c_pc8_pc9_found_0x68
status,818830,0,0,0,0,0,0,0,i2c_pc8_pc9_scan_end_count_1
imu,818914,0,0,0,0,0,0,0,imu_not_ready,0x68,0x7F,0,0,0,0,0,0,0,0x00,0
status,818995,131,0,0,0,0,0,0,sweep_start_5k_to_100k,0,0,0,0,0,0,0,0,0,0,0
data,819167,131,0,5000,1309,1899,230644,5542,raw_ad5933_range4_pga1,0,0,0,0,0,0,0,0,0,0,0
data,819301,131,1,10000,826,2774,289437,7341,raw_ad5933_range4_pga1,0,0,0,0,0,0,0,0,0,0,0
data,819436,131,2,15000,349,3043,306295,8345,raw_ad5933_range4_pga1,0,0,0,0,0,0,0,0,0,0,0
data,819570,131,3,20000,-20,3132,313206,9036,raw_ad5933_range4_pga1,0,0,0,0,0,0,0,0,0,0,0
data,819704,131,4,25000,-326,3153,316981,9590,raw_ad5933_range4_pga1,0,0,0,0,0,0,0,0,0,0,0
data,819840,131,5,30000,-590,3132,318709,10066,raw_ad5933_range4_pga1,0,0,0,0,0,0,0,0,0,0,0
data,819976,131,6,35000,-827,3080,318910,10502,raw_ad5933_range4_pga1,0,0,0,0,0,0,0,0,0,0,0
data,820113,131,7,40000,-1041,3031,320478,10895,raw_ad5933_range4_pga1,0,0,0,0,0,0,0,0,0,0,0
data,820251,131,8,45000,-1242,2955,320540,11279,raw_ad5933_range4_pga1,0,0,0,0,0,0,0,0,0,0,0
data,820389,131,9,50000,-1435,2872,321055,11654,raw_ad5933_range4_pga1,0,0,0,0,0,0,0,0,0,0,0
data,820527,131,10,55000,-1607,2770,320240,12011,raw_ad5933_range4_pga1,0,0,0,0,0,0,0,0,0,0,0
data,820666,131,11,60000,-1776,2672,320839,12361,raw_ad5933_range4_pga1,0,0,0,0,0,0,0,0,0,0,0
data,820804,131,12,65000,-1940,2556,320885,12719,raw_ad5933_range4_pga1,0,0,0,0,0,0,0,0,0,0,0
data,820943,131,13,70000,-2086,2438,320862,13055,raw_ad5933_range4_pga1,0,0,0,0,0,0,0,0,0,0,0
data,821082,131,14,75000,-2223,2305,320230,13396,raw_ad5933_range4_pga1,0,0,0,0,0,0,0,0,0,0,0
data,821221,131,15,80000,-2352,2168,319877,13733,raw_ad5933_range4_pga1,0,0,0,0,0,0,0,0,0,0,0
data,821360,131,16,85000,-2471,2023,319349,14069,raw_ad5933_range4_pga1,0,0,0,0,0,0,0,0,0,0,0
data,821499,131,17,90000,-2579,1878,319032,14393,raw_ad5933_range4_pga1,0,0,0,0,0,0,0,0,0,0,0
data,821638,131,18,95000,-2687,1720,319036,14737,raw_ad5933_range4_pga1,0,0,0,0,0,0,0,0,0,0,0
data,821777,131,19,100000,-2767,1567,317990,15047,raw_ad5933_range4_pga1,0,0,0,0,0,0,0,0,0,0,0
status,821895,131,0,0,0,0,0,0,sweep_end,0,0,0,0,0,0,0,0,0,0,0
status,824973,0,0,0,0,0,0,0,i2c_pc8_pc9_scan_start
status,825136,0,0,0,0,0,0,0,i2c_pc8_pc9_found_0x68
status,825211,0,0,0,0,0,0,0,i2c_pc8_pc9_scan_end_count_1
imu,825295,0,0,0,0,0,0,0,imu_not_ready,0x68,0x7F,0,0,0,0,0,0,0,0x00,0
status,825376,132,0,0,0,0,0,0,sweep_start_5k_to_100k,0,0,0,0,0,0,0,0,0,0,0
data,825548,132,0,5000,1307,1899,230531,5546,raw_ad5933_range4_pga1,0,0,0,0,0,0,0,0,0,0,0
data,825682,132,1,10000,830,2772,289359,7333,raw_ad5933_range4_pga1,0,0,0,0,0,0,0,0,0,0,0
data,825816,132,2,15000,351,3040,306020,8341,raw_ad5933_range4_pga1,0,0,0,0,0,0,0,0,0,0,0
data,825951,132,3,20000,-24,3140,314009,9043,raw_ad5933_range4_pga1,0,0,0,0,0,0,0,0,0,0,0
data,826085,132,4,25000,-319,3140,315616,9580,raw_ad5933_range4_pga1,0,0,0,0,0,0,0,0,0,0,0
data,826221,132,5,30000,-592,3133,318844,10070,raw_ad5933_range4_pga1,0,0,0,0,0,0,0,0,0,0,0
data,826357,132,6,35000,-829,3090,319927,10501,raw_ad5933_range4_pga1,0,0,0,0,0,0,0,0,0,0,0
data,826494,132,7,40000,-1040,3040,321297,10888,raw_ad5933_range4_pga1,0,0,0,0,0,0,0,0,0,0,0
data,826632,132,8,45000,-1254,2955,321007,11299,raw_ad5933_range4_pga1,0,0,0,0,0,0,0,0,0,0,0
data,826770,132,9,50000,-1433,2870,320786,11653,raw_ad5933_range4_pga1,0,0,0,0,0,0,0,0,0,0,0
data,826907,132,10,55000,-1610,2776,320909,12011,raw_ad5933_range4_pga1,0,0,0,0,0,0,0,0,0,0,0
data,827046,132,11,60000,-1779,2670,320839,12367,raw_ad5933_range4_pga1,0,0,0,0,0,0,0,0,0,0,0
data,827185,132,12,65000,-1942,2558,321166,12720,raw_ad5933_range4_pga1,0,0,0,0,0,0,0,0,0,0,0
data,827324,132,13,70000,-2080,2434,320168,13051,raw_ad5933_range4_pga1,0,0,0,0,0,0,0,0,0,0,0
data,827463,132,14,75000,-2226,2311,320871,13392,raw_ad5933_range4_pga1,0,0,0,0,0,0,0,0,0,0,0
data,827602,132,15,80000,-2350,2170,319866,13728,raw_ad5933_range4_pga1,0,0,0,0,0,0,0,0,0,0,0
data,827741,132,16,85000,-2470,2025,319398,14065,raw_ad5933_range4_pga1,0,0,0,0,0,0,0,0,0,0,0
data,827880,132,17,90000,-2579,1877,318973,14395,raw_ad5933_range4_pga1,0,0,0,0,0,0,0,0,0,0,0
data,828019,132,18,95000,-2683,1726,319023,14724,raw_ad5933_range4_pga1,0,0,0,0,0,0,0,0,0,0,0
data,828158,132,19,100000,-2774,1566,318550,15055,raw_ad5933_range4_pga1,0,0,0,0,0,0,0,0,0,0,0
status,828276,132,0,0,0,0,0,0,sweep_end,0,0,0,0,0,0,0,0,0,0,0
status,831353,0,0,0,0,0,0,0,i2c_pc8_pc9_scan_start
status,831516,0,0,0,0,0,0,0,i2c_pc8_pc9_found_0x68
status,831591,0,0,0,0,0,0,0,i2c_pc8_pc9_scan_end_count_1
imu,831663,0,0,0,0,0,0,0,imu_not_ready,0x68,0xFF,0,0,0,0,0,0,0,0x00,0
status,831744,133,0,0,0,0,0,0,sweep_start_5k_to_100k,0,0,0,0,0,0,0,0,0,0,0
data,831916,133,0,5000,1309,1900,230727,5543,raw_ad5933_range4_pga1,0,0,0,0,0,0,0,0,0,0,0
data,832050,133,1,10000,824,2774,289380,7345,raw_ad5933_range4_pga1,0,0,0,0,0,0,0,0,0,0,0
data,832184,133,2,15000,350,3043,306306,8343,raw_ad5933_range4_pga1,0,0,0,0,0,0,0,0,0,0,0
data,832319,133,3,20000,-23,3136,313608,9042,raw_ad5933_range4_pga1,0,0,0,0,0,0,0,0,0,0,0
data,832453,133,4,25000,-331,3151,316834,9599,raw_ad5933_range4_pga1,0,0,0,0,0,0,0,0,0,0,0
data,832589,133,5,30000,-588,3136,319065,10061,raw_ad5933_range4_pga1,0,0,0,0,0,0,0,0,0,0,0
data,832725,133,6,35000,-830,3091,320050,10503,raw_ad5933_range4_pga1,0,0,0,0,0,0,0,0,0,0,0
data,832862,133,7,40000,-1036,3039,321073,10882,raw_ad5933_range4_pga1,0,0,0,0,0,0,0,0,0,0,0
data,833000,133,8,45000,-1239,2961,320977,11270,raw_ad5933_range4_pga1,0,0,0,0,0,0,0,0,0,0,0
data,833138,133,9,50000,-1435,2869,320786,11657,raw_ad5933_range4_pga1,0,0,0,0,0,0,0,0,0,0,0
data,833276,133,10,55000,-1610,2774,320736,12013,raw_ad5933_range4_pga1,0,0,0,0,0,0,0,0,0,0,0
data,833414,133,11,60000,-1782,2668,320839,12373,raw_ad5933_range4_pga1,0,0,0,0,0,0,0,0,0,0,0
data,833553,133,12,65000,-1938,2558,320924,12714,raw_ad5933_range4_pga1,0,0,0,0,0,0,0,0,0,0,0
data,833692,133,13,70000,-2087,2433,320547,13062,raw_ad5933_range4_pga1,0,0,0,0,0,0,0,0,0,0,0
data,833831,133,14,75000,-2221,2303,319948,13396,raw_ad5933_range4_pga1,0,0,0,0,0,0,0,0,0,0,0
data,833970,133,15,80000,-2350,2171,319933,13726,raw_ad5933_range4_pga1,0,0,0,0,0,0,0,0,0,0,0
data,834109,133,16,85000,-2466,2025,319089,14060,raw_ad5933_range4_pga1,0,0,0,0,0,0,0,0,0,0,0
data,834248,133,17,90000,-2579,1879,319091,14392,raw_ad5933_range4_pga1,0,0,0,0,0,0,0,0,0,0,0
data,834387,133,18,95000,-2680,1722,318554,14727,raw_ad5933_range4_pga1,0,0,0,0,0,0,0,0,0,0,0
data,834526,133,19,100000,-2766,1566,317854,15048,raw_ad5933_range4_pga1,0,0,0,0,0,0,0,0,0,0,0
status,834644,133,0,0,0,0,0,0,sweep_end,0,0,0,0,0,0,0,0,0,0,0
status,837722,0,0,0,0,0,0,0,i2c_pc8_pc9_scan_start
status,837885,0,0,0,0,0,0,0,i2c_pc8_pc9_found_0x68
status,837960,0,0,0,0,0,0,0,i2c_pc8_pc9_scan_end_count_1
imu,838044,0,0,0,0,0,0,0,imu_not_ready,0x68,0x6F,0,0,0,0,0,0,0,0x00,0
status,838125,134,0,0,0,0,0,0,sweep_start_5k_to_100k,0,0,0,0,0,0,0,0,0,0,0
data,838297,134,0,5000,1303,1901,230469,5557,raw_ad5933_range4_pga1,0,0,0,0,0,0,0,0,0,0,0
data,838431,134,1,10000,822,2771,289035,7347,raw_ad5933_range4_pga1,0,0,0,0,0,0,0,0,0,0,0
data,838566,134,2,15000,340,3047,306591,8363,raw_ad5933_range4_pga1,0,0,0,0,0,0,0,0,0,0,0
data,838700,134,3,20000,-22,3137,313708,9040,raw_ad5933_range4_pga1,0,0,0,0,0,0,0,0,0,0,0
data,838834,134,4,25000,-329,3152,316912,9595,raw_ad5933_range4_pga1,0,0,0,0,0,0,0,0,0,0,0
data,838970,134,5,30000,-579,3135,318802,10046,raw_ad5933_range4_pga1,0,0,0,0,0,0,0,0,0,0,0
data,839106,134,6,35000,-827,3090,319875,10498,raw_ad5933_range4_pga1,0,0,0,0,0,0,0,0,0,0,0
data,839243,134,7,40000,-1042,3031,320511,10897,raw_ad5933_range4_pga1,0,0,0,0,0,0,0,0,0,0,0
data,839381,134,8,45000,-1246,2958,320972,11284,raw_ad5933_range4_pga1,0,0,0,0,0,0,0,0,0,0,0
data,839519,134,9,50000,-1436,2867,320652,11660,raw_ad5933_range4_pga1,0,0,0,0,0,0,0,0,0,0,0
data,839657,134,10,55000,-1619,2774,321189,12026,raw_ad5933_range4_pga1,0,0,0,0,0,0,0,0,0,0,0
data,839796,134,11,60000,-1783,2670,321061,12373,raw_ad5933_range4_pga1,0,0,0,0,0,0,0,0,0,0,0
data,839934,134,12,65000,-1937,2556,320704,12715,raw_ad5933_range4_pga1,0,0,0,0,0,0,0,0,0,0,0
data,840073,134,13,70000,-2084,2436,320580,13054,raw_ad5933_range4_pga1,0,0,0,0,0,0,0,0,0,0,0
data,840212,134,14,75000,-2223,2301,319943,13401,raw_ad5933_range4_pga1,0,0,0,0,0,0,0,0,0,0,0
data,840351,134,15,80000,-2348,2163,319244,13734,raw_ad5933_range4_pga1,0,0,0,0,0,0,0,0,0,0,0
data,840490,134,16,85000,-2457,2021,318140,14056,raw_ad5933_range4_pga1,0,0,0,0,0,0,0,0,0,0,0
data,840629,134,17,90000,-2578,1875,318774,14397,raw_ad5933_range4_pga1,0,0,0,0,0,0,0,0,0,0,0
data,840768,134,18,95000,-2682,1724,318831,14726,raw_ad5933_range4_pga1,0,0,0,0,0,0,0,0,0,0,0
data,840907,134,19,100000,-2766,1563,317706,15053,raw_ad5933_range4_pga1,0,0,0,0,0,0,0,0,0,0,0
status,841025,134,0,0,0,0,0,0,sweep_end,0,0,0,0,0,0,0,0,0,0,0
status,844103,0,0,0,0,0,0,0,i2c_pc8_pc9_scan_start
status,844266,0,0,0,0,0,0,0,i2c_pc8_pc9_found_0x68
status,844341,0,0,0,0,0,0,0,i2c_pc8_pc9_scan_end_count_1
imu,844425,0,0,0,0,0,0,0,imu_not_ready,0x68,0x6F,0,0,0,0,0,0,0,0x00,0
status,844506,135,0,0,0,0,0,0,sweep_start_5k_to_100k,0,0,0,0,0,0,0,0,0,0,0
data,844678,135,0,5000,1306,1899,230474,5548,raw_ad5933_range4_pga1,0,0,0,0,0,0,0,0,0,0,0
data,844812,135,1,10000,830,2766,288785,7329,raw_ad5933_range4_pga1,0,0,0,0,0,0,0,0,0,0,0
data,844946,135,2,15000,351,3039,305920,8341,raw_ad5933_range4_pga1,0,0,0,0,0,0,0,0,0,0,0
data,845081,135,3,20000,-19,3139,313906,9034,raw_ad5933_range4_pga1,0,0,0,0,0,0,0,0,0,0,0
data,845215,135,4,25000,-331,3153,317033,9599,raw_ad5933_range4_pga1,0,0,0,0,0,0,0,0,0,0,0
data,845351,135,5,30000,-589,3132,318690,10065,raw_ad5933_range4_pga1,0,0,0,0,0,0,0,0,0,0,0
data,845487,135,6,35000,-828,3086,319515,10501,raw_ad5933_range4_pga1,0,0,0,0,0,0,0,0,0,0,0
data,845624,135,7,40000,-1034,3029,320062,10884,raw_ad5933_range4_pga1,0,0,0,0,0,0,0,0,0,0,0
data,845762,135,8,45000,-1247,2953,320550,11289,raw_ad5933_range4_pga1,0,0,0,0,0,0,0,0,0,0,0
data,845900,135,9,50000,-1434,2872,321010,11653,raw_ad5933_range4_pga1,0,0,0,0,0,0,0,0,0,0,0
data,846037,135,10,55000,-1612,2775,320923,12015,raw_ad5933_range4_pga1,0,0,0,0,0,0,0,0,0,0,0
data,846176,135,11,60000,-1787,2680,322114,12369,raw_ad5933_range4_pga1,0,0,0,0,0,0,0,0,0,0,0
data,846315,135,12,65000,-1942,2554,320847,12724,raw_ad5933_range4_pga1,0,0,0,0,0,0,0,0,0,0,0
data,846454,135,13,70000,-2072,2445,320487,13027,raw_ad5933_range4_pga1,0,0,0,0,0,0,0,0,0,0,0
data,846593,135,14,75000,-2225,2304,320297,13400,raw_ad5933_range4_pga1,0,0,0,0,0,0,0,0,0,0,0
data,846732,135,15,80000,-2346,2168,319436,13725,raw_ad5933_range4_pga1,0,0,0,0,0,0,0,0,0,0,0
data,846871,135,16,85000,-2471,2027,319602,14063,raw_ad5933_range4_pga1,0,0,0,0,0,0,0,0,0,0,0
data,847010,135,17,90000,-2577,1876,318752,14394,raw_ad5933_range4_pga1,0,0,0,0,0,0,0,0,0,0,0
data,847149,135,18,95000,-2682,1723,318777,14728,raw_ad5933_range4_pga1,0,0,0,0,0,0,0,0,0,0,0
data,847288,135,19,100000,-2769,1566,318115,15050,raw_ad5933_range4_pga1,0,0,0,0,0,0,0,0,0,0,0
status,847406,135,0,0,0,0,0,0,sweep_end,0,0,0,0,0,0,0,0,0,0,0
status,850483,0,0,0,0,0,0,0,i2c_pc8_pc9_scan_start
status,850646,0,0,0,0,0,0,0,i2c_pc8_pc9_found_0x68
status,850721,0,0,0,0,0,0,0,i2c_pc8_pc9_scan_end_count_1
imu,850793,0,0,0,0,0,0,0,imu_not_ready,0x68,0xFF,0,0,0,0,0,0,0,0x00,0
status,850874,136,0,0,0,0,0,0,sweep_start_5k_to_100k,0,0,0,0,0,0,0,0,0,0,0
data,851046,136,0,5000,1310,1898,230619,5538,raw_ad5933_range4_pga1,0,0,0,0,0,0,0,0,0,0,0
data,851180,136,1,10000,827,2764,288507,7334,raw_ad5933_range4_pga1,0,0,0,0,0,0,0,0,0,0,0
data,851314,136,2,15000,348,3047,306681,8348,raw_ad5933_range4_pga1,0,0,0,0,0,0,0,0,0,0,0
data,851449,136,3,20000,-23,3138,313808,9041,raw_ad5933_range4_pga1,0,0,0,0,0,0,0,0,0,0,0
data,851583,136,4,25000,-325,3150,316672,9589,raw_ad5933_range4_pga1,0,0,0,0,0,0,0,0,0,0,0
data,851719,136,5,30000,-591,3133,318826,10068,raw_ad5933_range4_pga1,0,0,0,0,0,0,0,0,0,0,0
data,851855,136,6,35000,-832,3091,320102,10506,raw_ad5933_range4_pga1,0,0,0,0,0,0,0,0,0,0,0
data,851992,136,7,40000,-1048,3033,320896,10906,raw_ad5933_range4_pga1,0,0,0,0,0,0,0,0,0,0,0
data,852130,136,8,45000,-1244,2958,320894,11280,raw_ad5933_range4_pga1,0,0,0,0,0,0,0,0,0,0,0
data,852268,136,9,50000,-1435,2871,320965,11655,raw_ad5933_range4_pga1,0,0,0,0,0,0,0,0,0,0,0
data,852406,136,10,55000,-1613,2777,321146,12014,raw_ad5933_range4_pga1,0,0,0,0,0,0,0,0,0,0,0
data,852544,136,11,60000,-1778,2674,321116,12362,raw_ad5933_range4_pga1,0,0,0,0,0,0,0,0,0,0,0
data,852683,136,12,65000,-1933,2560,320782,12705,raw_ad5933_range4_pga1,0,0,0,0,0,0,0,0,0,0,0
data,852822,136,13,70000,-2078,2428,319582,13055,raw_ad5933_range4_pga1,0,0,0,0,0,0,0,0,0,0,0
data,852961,136,14,75000,-2221,2301,319804,13398,raw_ad5933_range4_pga1,0,0,0,0,0,0,0,0,0,0,0
data,853100,136,15,80000,-2353,2167,319883,13735,raw_ad5933_range4_pga1,0,0,0,0,0,0,0,0,0,0,0
data,853239,136,16,85000,-2471,2025,319476,14066,raw_ad5933_range4_pga1,0,0,0,0,0,0,0,0,0,0,0
data,853378,136,17,90000,-2579,1873,318738,14401,raw_ad5933_range4_pga1,0,0,0,0,0,0,0,0,0,0,0
data,853517,136,18,95000,-2679,1723,318524,14725,raw_ad5933_range4_pga1,0,0,0,0,0,0,0,0,0,0,0
data,853656,136,19,100000,-2764,1567,317729,15044,raw_ad5933_range4_pga1,0,0,0,0,0,0,0,0,0,0,0
# automatic_capture_complete,complete_sweeps=30,finished=2026-08-26 13:08:38
