# automatic_capture,target_complete_sweeps=30,port=COM5,baud=115200,started=2026-08-25 20:18:29
status,10599174,1657,0,0,0,0,0,0,sweep_start_5k_to_100k,0,0,0,0,0,0,0,0,0,0,0
data,10599349,1657,0,5000,-75,3889,388972,9110,raw_ad5933_range4_pga1,0,0,0,0,0,0,0,0,0,0,0
data,10599485,1657,1,10000,-373,3909,392676,9545,raw_ad5933_range4_pga1,0,0,0,0,0,0,0,0,0,0,0
data,10599624,1657,2,15000,-604,3870,391685,9887,raw_ad5933_range4_pga1,0,0,0,0,0,0,0,0,0,0,0
data,10599763,1657,3,20000,-835,3838,392778,10227,raw_ad5933_range4_pga1,0,0,0,0,0,0,0,0,0,0,0
data,10599903,1657,4,25000,-1051,3784,392725,10552,raw_ad5933_range4_pga1,0,0,0,0,0,0,0,0,0,0,0
data,10600044,1657,5,30000,-1265,3709,391879,10883,raw_ad5933_range4_pga1,0,0,0,0,0,0,0,0,0,0,0
data,10600186,1657,6,35000,-1465,3634,391819,11195,raw_ad5933_range4_pga1,0,0,0,0,0,0,0,0,0,0,0
data,10600327,1657,7,40000,-1666,3555,392601,11510,raw_ad5933_range4_pga1,0,0,0,0,0,0,0,0,0,0,0
data,10600468,1657,8,45000,-1856,3444,391227,11832,raw_ad5933_range4_pga1,0,0,0,0,0,0,0,0,0,0,0
data,10600609,1657,9,50000,-2046,3333,391088,12154,raw_ad5933_range4_pga1,0,0,0,0,0,0,0,0,0,0,0
data,10600750,1657,10,55000,-2225,3216,391066,12467,raw_ad5933_range4_pga1,0,0,0,0,0,0,0,0,0,0,0
data,10600892,1657,11,60000,-2398,3079,390265,12791,raw_ad5933_range4_pga1,0,0,0,0,0,0,0,0,0,0,0
data,10601035,1657,12,65000,-2562,2949,390646,13098,raw_ad5933_range4_pga1,0,0,0,0,0,0,0,0,0,0,0
data,10601177,1657,13,70000,-2710,2797,389452,13409,raw_ad5933_range4_pga1,0,0,0,0,0,0,0,0,0,0,0
data,10601319,1657,14,75000,-2857,2629,388254,13737,raw_ad5933_range4_pga1,0,0,0,0,0,0,0,0,0,0,0
data,10601462,1657,15,80000,-3000,2473,388790,14050,raw_ad5933_range4_pga1,0,0,0,0,0,0,0,0,0,0,0
data,10601604,1657,16,85000,-3127,2293,387763,14374,raw_ad5933_range4_pga1,0,0,0,0,0,0,0,0,0,0,0
data,10601746,1657,17,90000,-3240,2116,386976,14685,raw_ad5933_range4_pga1,0,0,0,0,0,0,0,0,0,0,0
data,10601889,1657,18,95000,-3347,1935,386609,14996,raw_ad5933_range4_pga1,0,0,0,0,0,0,0,0,0,0,0
data,10602031,1657,19,100000,-3446,1743,386173,15316,raw_ad5933_range4_pga1,0,0,0,0,0,0,0,0,0,0,0
status,10602152,1657,0,0,0,0,0,0,sweep_end,0,0,0,0,0,0,0,0,0,0,0
status,10605233,0,0,0,0,0,0,0,i2c_pc8_pc9_scan_start
status,10605398,0,0,0,0,0,0,0,i2c_pc8_pc9_found_0x68
status,10605476,0,0,0,0,0,0,0,i2c_pc8_pc9_scan_end_count_1
imu,10605561,0,0,0,0,0,0,0,imu_sample,0x68,0x68,-2648,6476,8964,-367,-7,406,-2816,0x00,0
status,10605664,1658,0,0,0,0,0,0,sweep_start_5k_to_100k,0,0,0,0,0,0,0,0,0,0,0
data,10605839,1658,0,5000,-78,3890,389078,9114,raw_ad5933_range4_pga1,0,0,0,0,0,0,0,0,0,0,0
data,10605975,1658,1,10000,-366,3895,391216,9536,raw_ad5933_range4_pga1,0,0,0,0,0,0,0,0,0,0,0
data,10606114,1658,2,15000,-603,3865,391176,9886,raw_ad5933_range4_pga1,0,0,0,0,0,0,0,0,0,0,0
data,10606253,1658,3,20000,-831,3847,393573,10218,raw_ad5933_range4_pga1,0,0,0,0,0,0,0,0,0,0,0
data,10606393,1658,4,25000,-1052,3781,392462,10554,raw_ad5933_range4_pga1,0,0,0,0,0,0,0,0,0,0,0
data,10606534,1658,5,30000,-1258,3712,391938,10872,raw_ad5933_range4_pga1,0,0,0,0,0,0,0,0,0,0,0
data,10606676,1658,6,35000,-1468,3636,392116,11198,raw_ad5933_range4_pga1,0,0,0,0,0,0,0,0,0,0,0
data,10606817,1658,7,40000,-1664,3551,392154,11510,raw_ad5933_range4_pga1,0,0,0,0,0,0,0,0,0,0,0
data,10606958,1658,8,45000,-1851,3448,391343,11822,raw_ad5933_range4_pga1,0,0,0,0,0,0,0,0,0,0,0
data,10607099,1658,9,50000,-2045,3335,391206,12151,raw_ad5933_range4_pga1,0,0,0,0,0,0,0,0,0,0,0
data,10607240,1658,10,55000,-2226,3213,390877,12471,raw_ad5933_range4_pga1,0,0,0,0,0,0,0,0,0,0,0
data,10607382,1658,11,60000,-2393,3086,390511,12779,raw_ad5933_range4_pga1,0,0,0,0,0,0,0,0,0,0,0
data,10607525,1658,12,65000,-2559,2942,389921,13101,raw_ad5933_range4_pga1,0,0,0,0,0,0,0,0,0,0,0
data,10607667,1658,13,70000,-2715,2792,389442,13419,raw_ad5933_range4_pga1,0,0,0,0,0,0,0,0,0,0,0
data,10607809,1658,14,75000,-2862,2627,388486,13745,raw_ad5933_range4_pga1,0,0,0,0,0,0,0,0,0,0,0
data,10607952,1658,15,80000,-2998,2466,388190,14056,raw_ad5933_range4_pga1,0,0,0,0,0,0,0,0,0,0,0
data,10608094,1658,16,85000,-3122,2295,387478,14368,raw_ad5933_range4_pga1,0,0,0,0,0,0,0,0,0,0,0
data,10608236,1658,17,90000,-3246,2112,387260,14695,raw_ad5933_range4_pga1,0,0,0,0,0,0,0,0,0,0,0
data,10608379,1658,18,95000,-3353,1937,387228,14998,raw_ad5933_range4_pga1,0,0,0,0,0,0,0,0,0,0,0
data,10608521,1658,19,100000,-3446,1748,386399,15310,raw_ad5933_range4_pga1,0,0,0,0,0,0,0,0,0,0,0
status,10608642,1658,0,0,0,0,0,0,sweep_end,0,0,0,0,0,0,0,0,0,0,0
status,10611723,0,0,0,0,0,0,0,i2c_pc8_pc9_scan_start
status,10611888,0,0,0,0,0,0,0,i2c_pc8_pc9_found_0x68
status,10611966,0,0,0,0,0,0,0,i2c_pc8_pc9_scan_end_count_1
imu,10612051,0,0,0,0,0,0,0,imu_sample,0x68,0x68,-2712,6284,9072,-431,60,403,-2832,0x00,0
status,10612154,1659,0,0,0,0,0,0,sweep_start_5k_to_100k,0,0,0,0,0,0,0,0,0,0,0
data,10612329,1659,0,5000,-79,3887,388780,9116,raw_ad5933_range4_pga1,0,0,0,0,0,0,0,0,0,0,0
data,10612465,1659,1,10000,-361,3887,390373,9530,raw_ad5933_range4_pga1,0,0,0,0,0,0,0,0,0,0,0
data,10612604,1659,2,15000,-613,3877,392516,9898,raw_ad5933_range4_pga1,0,0,0,0,0,0,0,0,0,0,0
data,10612743,1659,3,20000,-832,3839,392812,10222,raw_ad5933_range4_pga1,0,0,0,0,0,0,0,0,0,0,0
data,10612883,1659,4,25000,-1050,3780,392312,10552,raw_ad5933_range4_pga1,0,0,0,0,0,0,0,0,0,0,0
data,10613024,1659,5,30000,-1265,3714,392352,10880,raw_ad5933_range4_pga1,0,0,0,0,0,0,0,0,0,0,0
data,10613166,1659,6,35000,-1468,3630,391560,11201,raw_ad5933_range4_pga1,0,0,0,0,0,0,0,0,0,0,0
data,10613307,1659,7,40000,-1662,3544,391436,11512,raw_ad5933_range4_pga1,0,0,0,0,0,0,0,0,0,0,0
data,10613448,1659,8,45000,-1856,3446,391403,11830,raw_ad5933_range4_pga1,0,0,0,0,0,0,0,0,0,0,0
data,10613589,1659,9,50000,-2041,3326,390230,12153,raw_ad5933_range4_pga1,0,0,0,0,0,0,0,0,0,0,0
data,10613730,1659,10,55000,-2226,3220,391452,12465,raw_ad5933_range4_pga1,0,0,0,0,0,0,0,0,0,0,0
data,10613872,1659,11,60000,-2388,3085,390125,12774,raw_ad5933_range4_pga1,0,0,0,0,0,0,0,0,0,0,0
data,10614015,1659,12,65000,-2559,2941,389846,13102,raw_ad5933_range4_pga1,0,0,0,0,0,0,0,0,0,0,0
data,10614157,1659,13,70000,-2729,2795,390634,13431,raw_ad5933_range4_pga1,0,0,0,0,0,0,0,0,0,0,0
data,10614299,1659,14,75000,-2864,2636,389243,13737,raw_ad5933_range4_pga1,0,0,0,0,0,0,0,0,0,0,0
data,10614442,1659,15,80000,-3005,2477,389430,14050,raw_ad5933_range4_pga1,0,0,0,0,0,0,0,0,0,0,0
data,10614584,1659,16,85000,-3124,2293,387521,14372,raw_ad5933_range4_pga1,0,0,0,0,0,0,0,0,0,0,0
data,10614726,1659,17,90000,-3247,2115,387508,14692,raw_ad5933_range4_pga1,0,0,0,0,0,0,0,0,0,0,0
data,10614869,1659,18,95000,-3347,1933,386509,14999,raw_ad5933_range4_pga1,0,0,0,0,0,0,0,0,0,0,0
data,10615011,1659,19,100000,-3440,1738,385412,15319,raw_ad5933_range4_pga1,0,0,0,0,0,0,0,0,0,0,0
status,10615132,1659,0,0,0,0,0,0,sweep_end,0,0,0,0,0,0,0,0,0,0,0
status,10618213,0,0,0,0,0,0,0,i2c_pc8_pc9_scan_start
status,10618378,0,0,0,0,0,0,0,i2c_pc8_pc9_found_0x68
status,10618456,0,0,0,0,0,0,0,i2c_pc8_pc9_scan_end_count_1
imu,10618541,0,0,0,0,0,0,0,imu_sample,0x68,0x68,-2632,6292,8984,-369,16,431,-2800,0x00,0
status,10618644,1660,0,0,0,0,0,0,sweep_start_5k_to_100k,0,0,0,0,0,0,0,0,0,0,0
data,10618819,1660,0,5000,-78,3878,387878,9115,raw_ad5933_range4_pga1,0,0,0,0,0,0,0,0,0,0,0
data,10618955,1660,1,10000,-366,3895,391216,9536,raw_ad5933_range4_pga1,0,0,0,0,0,0,0,0,0,0,0
data,10619094,1660,2,15000,-609,3876,392355,9892,raw_ad5933_range4_pga1,0,0,0,0,0,0,0,0,0,0,0
data,10619233,1660,3,20000,-838,3842,393233,10230,raw_ad5933_range4_pga1,0,0,0,0,0,0,0,0,0,0,0
data,10619373,1660,4,25000,-1051,3777,392050,10554,raw_ad5933_range4_pga1,0,0,0,0,0,0,0,0,0,0,0
data,10619514,1660,5,30000,-1264,3717,392604,10878,raw_ad5933_range4_pga1,0,0,0,0,0,0,0,0,0,0,0
data,10619656,1660,6,35000,-1463,3645,392764,11186,raw_ad5933_range4_pga1,0,0,0,0,0,0,0,0,0,0,0
data,10619797,1660,7,40000,-1661,3550,391937,11507,raw_ad5933_range4_pga1,0,0,0,0,0,0,0,0,0,0,0
data,10619938,1660,8,45000,-1855,3439,390740,11834,raw_ad5933_range4_pga1,0,0,0,0,0,0,0,0,0,0,0
data,10620079,1660,9,50000,-2048,3335,391363,12155,raw_ad5933_range4_pga1,0,0,0,0,0,0,0,0,0,0,0
data,10620220,1660,10,55000,-2219,3212,390396,12463,raw_ad5933_range4_pga1,0,0,0,0,0,0,0,0,0,0,0
data,10620362,1660,11,60000,-2401,3085,390922,12789,raw_ad5933_range4_pga1,0,0,0,0,0,0,0,0,0,0,0
data,10620505,1660,12,65000,-2562,2946,390420,13101,raw_ad5933_range4_pga1,0,0,0,0,0,0,0,0,0,0,0
data,10620647,1660,13,70000,-2712,2794,389376,13414,raw_ad5933_range4_pga1,0,0,0,0,0,0,0,0,0,0,0
data,10620789,1660,14,75000,-2864,2622,388296,13752,raw_ad5933_range4_pga1,0,0,0,0,0,0,0,0,0,0,0
data,10620932,1660,15,80000,-2998,2472,388572,14049,raw_ad5933_range4_pga1,0,0,0,0,0,0,0,0,0,0,0
data,10621074,1660,16,85000,-3131,2295,388203,14375,raw_ad5933_range4_pga1,0,0,0,0,0,0,0,0,0,0,0
data,10621216,1660,17,90000,-3247,2122,387890,14683,raw_ad5933_range4_pga1,0,0,0,0,0,0,0,0,0,0,0
data,10621359,1660,18,95000,-3355,1929,387002,15010,raw_ad5933_range4_pga1,0,0,0,0,0,0,0,0,0,0,0
data,10621501,1660,19,100000,-3441,1742,385682,15314,raw_ad5933_range4_pga1,0,0,0,0,0,0,0,0,0,0,0
status,10621622,1660,0,0,0,0,0,0,sweep_end,0,0,0,0,0,0,0,0,0,0,0
status,10624703,0,0,0,0,0,0,0,i2c_pc8_pc9_scan_start
status,10624868,0,0,0,0,0,0,0,i2c_pc8_pc9_found_0x68
status,10624946,0,0,0,0,0,0,0,i2c_pc8_pc9_scan_end_count_1
imu,10625031,0,0,0,0,0,0,0,imu_sample,0x68,0x68,-2520,6356,8888,-362,-3,417,-2832,0x00,0
status,10625134,1661,0,0,0,0,0,0,sweep_start_5k_to_100k,0,0,0,0,0,0,0,0,0,0,0
data,10625309,1661,0,5000,-81,3886,388684,9119,raw_ad5933_range4_pga1,0,0,0,0,0,0,0,0,0,0,0
data,10625445,1661,1,10000,-372,3888,390576,9546,raw_ad5933_range4_pga1,0,0,0,0,0,0,0,0,0,0,0
data,10625584,1661,2,15000,-601,3866,391244,9883,raw_ad5933_range4_pga1,0,0,0,0,0,0,0,0,0,0,0
data,10625723,1661,3,20000,-835,3831,392094,10229,raw_ad5933_range4_pga1,0,0,0,0,0,0,0,0,0,0,0
data,10625863,1661,4,25000,-1051,3781,392436,10553,raw_ad5933_range4_pga1,0,0,0,0,0,0,0,0,0,0,0
data,10626004,1661,5,30000,-1262,3714,392256,10876,raw_ad5933_range4_pga1,0,0,0,0,0,0,0,0,0,0,0
data,10626146,1661,6,35000,-1461,3641,392319,11186,raw_ad5933_range4_pga1,0,0,0,0,0,0,0,0,0,0,0
data,10626287,1661,7,40000,-1663,3555,392474,11506,raw_ad5933_range4_pga1,0,0,0,0,0,0,0,0,0,0,0
data,10626428,1661,8,45000,-1859,3447,391634,11833,raw_ad5933_range4_pga1,0,0,0,0,0,0,0,0,0,0,0
data,10626569,1661,9,50000,-2045,3339,391548,12148,raw_ad5933_range4_pga1,0,0,0,0,0,0,0,0,0,0,0
data,10626710,1661,10,55000,-2232,3217,391547,12475,raw_ad5933_range4_pga1,0,0,0,0,0,0,0,0,0,0,0
data,10626852,1661,11,60000,-2402,3087,391142,12788,raw_ad5933_range4_pga1,0,0,0,0,0,0,0,0,0,0,0
data,10626995,1661,12,65000,-2555,2948,390112,13091,raw_ad5933_range4_pga1,0,0,0,0,0,0,0,0,0,0,0
data,10627137,1661,13,70000,-2712,2792,389233,13416,raw_ad5933_range4_pga1,0,0,0,0,0,0,0,0,0,0,0
data,10627279,1661,14,75000,-2864,2637,389310,13736,raw_ad5933_range4_pga1,0,0,0,0,0,0,0,0,0,0,0
data,10627422,1661,15,80000,-2996,2471,388354,14048,raw_ad5933_range4_pga1,0,0,0,0,0,0,0,0,0,0,0
data,10627564,1661,16,85000,-3125,2300,388016,14364,raw_ad5933_range4_pga1,0,0,0,0,0,0,0,0,0,0,0
data,10627706,1661,17,90000,-3254,2110,387822,14703,raw_ad5933_range4_pga1,0,0,0,0,0,0,0,0,0,0,0
data,10627849,1661,18,95000,-3354,1928,386866,15010,raw_ad5933_range4_pga1,0,0,0,0,0,0,0,0,0,0,0
data,10627991,1661,19,100000,-3444,1742,385950,15316,raw_ad5933_range4_pga1,0,0,0,0,0,0,0,0,0,0,0
status,10628112,1661,0,0,0,0,0,0,sweep_end,0,0,0,0,0,0,0,0,0,0,0
status,10631193,0,0,0,0,0,0,0,i2c_pc8_pc9_scan_start
status,10631358,0,0,0,0,0,0,0,i2c_pc8_pc9_found_0x68
status,10631436,0,0,0,0,0,0,0,i2c_pc8_pc9_scan_end_count_1
imu,10631521,0,0,0,0,0,0,0,imu_sample,0x68,0x68,-2636,6380,8860,-348,-16,423,-2800,0x00,0
status,10631625,1662,0,0,0,0,0,0,sweep_start_5k_to_100k,0,0,0,0,0,0,0,0,0,0,0
data,10631800,1662,0,5000,-76,3889,388974,9111,raw_ad5933_range4_pga1,0,0,0,0,0,0,0,0,0,0,0
data,10631936,1662,1,10000,-369,3901,391841,9540,raw_ad5933_range4_pga1,0,0,0,0,0,0,0,0,0,0,0
data,10632075,1662,2,15000,-609,3875,392256,9893,raw_ad5933_range4_pga1,0,0,0,0,0,0,0,0,0,0,0
data,10632214,1662,3,20000,-833,3841,393029,10223,raw_ad5933_range4_pga1,0,0,0,0,0,0,0,0,0,0,0
data,10632354,1662,4,25000,-1052,3785,392848,10553,raw_ad5933_range4_pga1,0,0,0,0,0,0,0,0,0,0,0
data,10632495,1662,5,30000,-1257,3715,392190,10869,raw_ad5933_range4_pga1,0,0,0,0,0,0,0,0,0,0,0
data,10632637,1662,6,35000,-1470,3637,392284,11200,raw_ad5933_range4_pga1,0,0,0,0,0,0,0,0,0,0,0
data,10632778,1662,7,40000,-1659,3546,391489,11507,raw_ad5933_range4_pga1,0,0,0,0,0,0,0,0,0,0,0
data,10632919,1662,8,45000,-1857,3444,391275,11833,raw_ad5933_range4_pga1,0,0,0,0,0,0,0,0,0,0,0
data,10633060,1662,9,50000,-2048,3337,391534,12153,raw_ad5933_range4_pga1,0,0,0,0,0,0,0,0,0,0,0
data,10633201,1662,10,55000,-2223,3207,390212,12472,raw_ad5933_range4_pga1,0,0,0,0,0,0,0,0,0,0,0
data,10633343,1662,11,60000,-2401,3086,391001,12788,raw_ad5933_range4_pga1,0,0,0,0,0,0,0,0,0,0,0
data,10633486,1662,12,65000,-2556,2949,390253,13091,raw_ad5933_range4_pga1,0,0,0,0,0,0,0,0,0,0,0
data,10633628,1662,13,70000,-2716,2800,390085,13412,raw_ad5933_range4_pga1,0,0,0,0,0,0,0,0,0,0,0
data,10633770,1662,14,75000,-2862,2634,388960,13737,raw_ad5933_range4_pga1,0,0,0,0,0,0,0,0,0,0,0
data,10633913,1662,15,80000,-2999,2472,388649,14050,raw_ad5933_range4_pga1,0,0,0,0,0,0,0,0,0,0,0
data,10634055,1662,16,85000,-3130,2299,388359,14370,raw_ad5933_range4_pga1,0,0,0,0,0,0,0,0,0,0,0
data,10634197,1662,17,90000,-3250,2115,387759,14694,raw_ad5933_range4_pga1,0,0,0,0,0,0,0,0,0,0,0
data,10634339,1662,18,95000,-3360,1930,387485,15012,raw_ad5933_range4_pga1,0,0,0,0,0,0,0,0,0,0,0
data,10634482,1662,19,100000,-3436,1741,385191,15312,raw_ad5933_range4_pga1,0,0,0,0,0,0,0,0,0,0,0
status,10634603,1662,0,0,0,0,0,0,sweep_end,0,0,0,0,0,0,0,0,0,0,0
status,10637684,0,0,0,0,0,0,0,i2c_pc8_pc9_scan_start
status,10637849,0,0,0,0,0,0,0,i2c_pc8_pc9_found_0x68
status,10637927,0,0,0,0,0,0,0,i2c_pc8_pc9_scan_end_count_1
imu,10638012,0,0,0,0,0,0,0,imu_sample,0x68,0x68,-2664,6296,8944,-366,20,404,-2800,0x00,0
status,10638115,1663,0,0,0,0,0,0,sweep_start_5k_to_100k,0,0,0,0,0,0,0,0,0,0,0
data,10638290,1663,0,5000,-83,3893,389388,9122,raw_ad5933_range4_pga1,0,0,0,0,0,0,0,0,0,0,0
data,10638426,1663,1,10000,-365,3898,391505,9534,raw_ad5933_range4_pga1,0,0,0,0,0,0,0,0,0,0,0
data,10638565,1663,2,15000,-607,3872,391929,9890,raw_ad5933_range4_pga1,0,0,0,0,0,0,0,0,0,0,0
data,10638704,1663,3,20000,-836,3840,392995,10228,raw_ad5933_range4_pga1,0,0,0,0,0,0,0,0,0,0,0
data,10638844,1663,4,25000,-1055,3780,392447,10559,raw_ad5933_range4_pga1,0,0,0,0,0,0,0,0,0,0,0
data,10638985,1663,5,30000,-1271,3712,392357,10890,raw_ad5933_range4_pga1,0,0,0,0,0,0,0,0,0,0,0
data,10639127,1663,6,35000,-1461,3640,392226,11186,raw_ad5933_range4_pga1,0,0,0,0,0,0,0,0,0,0,0
data,10639268,1663,7,40000,-1665,3541,391292,11518,raw_ad5933_range4_pga1,0,0,0,0,0,0,0,0,0,0,0
data,10639409,1663,8,45000,-1855,3447,391444,11828,raw_ad5933_range4_pga1,0,0,0,0,0,0,0,0,0,0,0
data,10639550,1663,9,50000,-2044,3340,391581,12146,raw_ad5933_range4_pga1,0,0,0,0,0,0,0,0,0,0,0
data,10639691,1663,10,55000,-2222,3212,390567,12467,raw_ad5933_range4_pga1,0,0,0,0,0,0,0,0,0,0,0
data,10639833,1663,11,60000,-2398,3084,390659,12786,raw_ad5933_range4_pga1,0,0,0,0,0,0,0,0,0,0,0
data,10639976,1663,12,65000,-2572,2949,391303,13109,raw_ad5933_range4_pga1,0,0,0,0,0,0,0,0,0,0,0
data,10640118,1663,13,70000,-2715,2785,388940,13427,raw_ad5933_range4_pga1,0,0,0,0,0,0,0,0,0,0,0
data,10640260,1663,14,75000,-2863,2632,388898,13740,raw_ad5933_range4_pga1,0,0,0,0,0,0,0,0,0,0,0
data,10640403,1663,15,80000,-2996,2463,387845,14057,raw_ad5933_range4_pga1,0,0,0,0,0,0,0,0,0,0,0
data,10640545,1663,16,85000,-3138,2296,388827,14380,raw_ad5933_range4_pga1,0,0,0,0,0,0,0,0,0,0,0
data,10640687,1663,17,90000,-3253,2121,388338,14689,raw_ad5933_range4_pga1,0,0,0,0,0,0,0,0,0,0,0
data,10640829,1663,18,95000,-3353,1937,387228,14998,raw_ad5933_range4_pga1,0,0,0,0,0,0,0,0,0,0,0
data,10640972,1663,19,100000,-3446,1748,386399,15310,raw_ad5933_range4_pga1,0,0,0,0,0,0,0,0,0,0,0
status,10641093,1663,0,0,0,0,0,0,sweep_end,0,0,0,0,0,0,0,0,0,0,0
status,10644174,0,0,0,0,0,0,0,i2c_pc8_pc9_scan_start
status,10644339,0,0,0,0,0,0,0,i2c_pc8_pc9_found_0x68
status,10644417,0,0,0,0,0,0,0,i2c_pc8_pc9_scan_end_count_1
imu,10644502,0,0,0,0,0,0,0,imu_sample,0x68,0x68,-2676,6408,8896,-373,30,412,-2800,0x00,0
status,10644605,1664,0,0,0,0,0,0,sweep_start_5k_to_100k,0,0,0,0,0,0,0,0,0,0,0
data,10644780,1664,0,5000,-83,3891,389189,9122,raw_ad5933_range4_pga1,0,0,0,0,0,0,0,0,0,0,0
data,10644916,1664,1,10000,-361,3895,391169,9529,raw_ad5933_range4_pga1,0,0,0,0,0,0,0,0,0,0,0
data,10645055,1664,2,15000,-606,3870,391716,9889,raw_ad5933_range4_pga1,0,0,0,0,0,0,0,0,0,0,0
data,10645194,1664,3,20000,-828,3839,392728,10217,raw_ad5933_range4_pga1,0,0,0,0,0,0,0,0,0,0,0
data,10645334,1664,4,25000,-1043,3781,392222,10542,raw_ad5933_range4_pga1,0,0,0,0,0,0,0,0,0,0,0
data,10645475,1664,5,30000,-1261,3706,391466,10879,raw_ad5933_range4_pga1,0,0,0,0,0,0,0,0,0,0,0
data,10645617,1664,6,35000,-1478,3648,393604,11205,raw_ad5933_range4_pga1,0,0,0,0,0,0,0,0,0,0,0
data,10645758,1664,7,40000,-1658,3546,391447,11505,raw_ad5933_range4_pga1,0,0,0,0,0,0,0,0,0,0,0
data,10645899,1664,8,45000,-1850,3447,391207,11822,raw_ad5933_range4_pga1,0,0,0,0,0,0,0,0,0,0,0
data,10646040,1664,9,50000,-2046,3335,391259,12152,raw_ad5933_range4_pga1,0,0,0,0,0,0,0,0,0,0,0
data,10646181,1664,10,55000,-2223,3218,391117,12463,raw_ad5933_range4_pga1,0,0,0,0,0,0,0,0,0,0,0
data,10646323,1664,11,60000,-2396,3074,389747,12793,raw_ad5933_range4_pga1,0,0,0,0,0,0,0,0,0,0,0
data,10646466,1664,12,65000,-2561,2940,389902,13105,raw_ad5933_range4_pga1,0,0,0,0,0,0,0,0,0,0,0
data,10646608,1664,13,70000,-2718,2795,389866,13419,raw_ad5933_range4_pga1,0,0,0,0,0,0,0,0,0,0,0
data,10646750,1664,14,75000,-2857,2636,388728,13730,raw_ad5933_range4_pga1,0,0,0,0,0,0,0,0,0,0,0
data,10646893,1664,15,80000,-2987,2469,387532,14042,raw_ad5933_range4_pga1,0,0,0,0,0,0,0,0,0,0,0
data,10647035,1664,16,85000,-3130,2287,387650,14384,raw_ad5933_range4_pga1,0,0,0,0,0,0,0,0,0,0,0
data,10647177,1664,17,90000,-3240,2125,387469,14674,raw_ad5933_range4_pga1,0,0,0,0,0,0,0,0,0,0,0
data,10647319,1664,18,95000,-3350,1926,386419,15010,raw_ad5933_range4_pga1,0,0,0,0,0,0,0,0,0,0,0
data,10647462,1664,19,100000,-3447,1745,386353,15314,raw_ad5933_range4_pga1,0,0,0,0,0,0,0,0,0,0,0
status,10647583,1664,0,0,0,0,0,0,sweep_end,0,0,0,0,0,0,0,0,0,0,0
status,10650664,0,0,0,0,0,0,0,i2c_pc8_pc9_scan_start
status,10650829,0,0,0,0,0,0,0,i2c_pc8_pc9_found_0x68
status,10650907,0,0,0,0,0,0,0,i2c_pc8_pc9_scan_end_count_1
imu,10650992,0,0,0,0,0,0,0,imu_sample,0x68,0x68,-2548,6420,8896,-361,59,428,-2800,0x00,0
status,10651095,1665,0,0,0,0,0,0,sweep_start_5k_to_100k,0,0,0,0,0,0,0,0,0,0,0
data,10651270,1665,0,5000,-87,3883,388397,9128,raw_ad5933_range4_pga1,0,0,0,0,0,0,0,0,0,0,0
data,10651406,1665,1,10000,-363,3894,391088,9532,raw_ad5933_range4_pga1,0,0,0,0,0,0,0,0,0,0,0
data,10651545,1665,2,15000,-607,3865,391237,9892,raw_ad5933_range4_pga1,0,0,0,0,0,0,0,0,0,0,0
data,10651684,1665,3,20000,-836,3841,393093,10227,raw_ad5933_range4_pga1,0,0,0,0,0,0,0,0,0,0,0
data,10651824,1665,4,25000,-1054,3778,392227,10558,raw_ad5933_range4_pga1,0,0,0,0,0,0,0,0,0,0,0
data,10651966,1665,5,30000,-1257,3716,392284,10868,raw_ad5933_range4_pga1,0,0,0,0,0,0,0,0,0,0,0
data,10652107,1665,6,35000,-1468,3638,392302,11197,raw_ad5933_range4_pga1,0,0,0,0,0,0,0,0,0,0,0
data,10652248,1665,7,40000,-1664,3564,393332,11502,raw_ad5933_range4_pga1,0,0,0,0,0,0,0,0,0,0,0
data,10652389,1665,8,45000,-1852,3442,390861,11828,raw_ad5933_range4_pga1,0,0,0,0,0,0,0,0,0,0,0
data,10652530,1665,9,50000,-2047,3332,391055,12156,raw_ad5933_range4_pga1,0,0,0,0,0,0,0,0,0,0,0
data,10652671,1665,10,55000,-2231,3222,391901,12469,raw_ad5933_range4_pga1,0,0,0,0,0,0,0,0,0,0,0
data,10652814,1665,11,60000,-2395,3085,390554,12782,raw_ad5933_range4_pga1,0,0,0,0,0,0,0,0,0,0,0
data,10652956,1665,12,65000,-2566,2949,390909,13102,raw_ad5933_range4_pga1,0,0,0,0,0,0,0,0,0,0,0
data,10653098,1665,13,70000,-2713,2785,388801,13424,raw_ad5933_range4_pga1,0,0,0,0,0,0,0,0,0,0,0
data,10653240,1665,14,75000,-2856,2642,389062,13722,raw_ad5933_range4_pga1,0,0,0,0,0,0,0,0,0,0,0
data,10653383,1665,15,80000,-3000,2475,388917,14047,raw_ad5933_range4_pga1,0,0,0,0,0,0,0,0,0,0,0
data,10653525,1665,16,85000,-3126,2299,388037,14366,raw_ad5933_range4_pga1,0,0,0,0,0,0,0,0,0,0,0
data,10653667,1665,17,90000,-3238,2109,386426,14692,raw_ad5933_range4_pga1,0,0,0,0,0,0,0,0,0,0,0
data,10653810,1665,18,95000,-3348,1932,386545,15001,raw_ad5933_range4_pga1,0,0,0,0,0,0,0,0,0,0,0
data,10653952,1665,19,100000,-3439,1746,385684,15308,raw_ad5933_range4_pga1,0,0,0,0,0,0,0,0,0,0,0
status,10654074,1665,0,0,0,0,0,0,sweep_end,0,0,0,0,0,0,0,0,0,0,0
status,10657154,0,0,0,0,0,0,0,i2c_pc8_pc9_scan_start
status,10657319,0,0,0,0,0,0,0,i2c_pc8_pc9_found_0x68
status,10657397,0,0,0,0,0,0,0,i2c_pc8_pc9_scan_end_count_1
imu,10657482,0,0,0,0,0,0,0,imu_sample,0x68,0x68,-2684,6372,8976,-313,-304,334,-2816,0x00,0
status,10657587,1666,0,0,0,0,0,0,sweep_start_5k_to_100k,0,0,0,0,0,0,0,0,0,0,0
data,10657762,1666,0,5000,-76,3887,388774,9112,raw_ad5933_range4_pga1,0,0,0,0,0,0,0,0,0,0,0
data,10657898,1666,1,10000,-358,3899,391540,9524,raw_ad5933_range4_pga1,0,0,0,0,0,0,0,0,0,0,0
data,10658037,1666,2,15000,-607,3875,392225,9890,raw_ad5933_range4_pga1,0,0,0,0,0,0,0,0,0,0,0
data,10658176,1666,3,20000,-834,3843,393246,10224,raw_ad5933_range4_pga1,0,0,0,0,0,0,0,0,0,0,0
data,10658316,1666,4,25000,-1053,3781,392489,10556,raw_ad5933_range4_pga1,0,0,0,0,0,0,0,0,0,0,0
data,10658457,1666,5,30000,-1263,3713,392193,10878,raw_ad5933_range4_pga1,0,0,0,0,0,0,0,0,0,0,0
data,10658599,1666,6,35000,-1466,3632,391671,11198,raw_ad5933_range4_pga1,0,0,0,0,0,0,0,0,0,0,0
data,10658740,1666,7,40000,-1662,3553,392251,11506,raw_ad5933_range4_pga1,0,0,0,0,0,0,0,0,0,0,0
data,10658881,1666,8,45000,-1858,3443,391234,11835,raw_ad5933_range4_pga1,0,0,0,0,0,0,0,0,0,0,0
data,10659022,1666,9,50000,-2047,3333,391141,12155,raw_ad5933_range4_pga1,0,0,0,0,0,0,0,0,0,0,0
data,10659163,1666,10,55000,-2225,3208,390409,12474,raw_ad5933_range4_pga1,0,0,0,0,0,0,0,0,0,0,0
data,10659306,1666,11,60000,-2398,3088,390975,12783,raw_ad5933_range4_pga1,0,0,0,0,0,0,0,0,0,0,0
data,10659448,1666,12,65000,-2566,2941,390306,13110,raw_ad5933_range4_pga1,0,0,0,0,0,0,0,0,0,0,0
data,10659590,1666,13,70000,-2720,2798,390221,13419,raw_ad5933_range4_pga1,0,0,0,0,0,0,0,0,0,0,0
data,10659732,1666,14,75000,-2859,2634,388739,13734,raw_ad5933_range4_pga1,0,0,0,0,0,0,0,0,0,0,0
data,10659875,1666,15,80000,-3001,2473,388867,14050,raw_ad5933_range4_pga1,0,0,0,0,0,0,0,0,0,0,0
data,10660017,1666,16,85000,-3127,2296,387940,14371,raw_ad5933_range4_pga1,0,0,0,0,0,0,0,0,0,0,0
data,10660159,1666,17,90000,-3236,2126,387190,14669,raw_ad5933_range4_pga1,0,0,0,0,0,0,0,0,0,0,0
data,10660302,1666,18,95000,-3350,1937,386969,14996,raw_ad5933_range4_pga1,0,0,0,0,0,0,0,0,0,0,0
data,10660444,1666,19,100000,-3440,1737,385367,15320,raw_ad5933_range4_pga1,0,0,0,0,0,0,0,0,0,0,0
status,10660565,1666,0,0,0,0,0,0,sweep_end,0,0,0,0,0,0,0,0,0,0,0
status,10663646,0,0,0,0,0,0,0,i2c_pc8_pc9_scan_start
status,10663811,0,0,0,0,0,0,0,i2c_pc8_pc9_found_0x68
status,10663889,0,0,0,0,0,0,0,i2c_pc8_pc9_scan_end_count_1
imu,10663974,0,0,0,0,0,0,0,imu_sample,0x68,0x68,-2656,6404,9032,-339,16,405,-2800,0x00,0
status,10664077,1667,0,0,0,0,0,0,sweep_start_5k_to_100k,0,0,0,0,0,0,0,0,0,0,0
data,10664252,1667,0,5000,-75,3895,389572,9110,raw_ad5933_range4_pga1,0,0,0,0,0,0,0,0,0,0,0
data,10664388,1667,1,10000,-368,3891,390836,9540,raw_ad5933_range4_pga1,0,0,0,0,0,0,0,0,0,0,0
data,10664527,1667,2,15000,-608,3873,392043,9892,raw_ad5933_range4_pga1,0,0,0,0,0,0,0,0,0,0,0
data,10664666,1667,3,20000,-835,3844,393364,10225,raw_ad5933_range4_pga1,0,0,0,0,0,0,0,0,0,0,0
data,10664806,1667,4,25000,-1049,3780,392286,10551,raw_ad5933_range4_pga1,0,0,0,0,0,0,0,0,0,0,0
data,10664947,1667,5,30000,-1262,3716,392445,10875,raw_ad5933_range4_pga1,0,0,0,0,0,0,0,0,0,0,0
data,10665089,1667,6,35000,-1467,3636,392079,11197,raw_ad5933_range4_pga1,0,0,0,0,0,0,0,0,0,0,0
data,10665230,1667,7,40000,-1660,3558,392619,11501,raw_ad5933_range4_pga1,0,0,0,0,0,0,0,0,0,0,0
data,10665371,1667,8,45000,-1857,3449,391715,11829,raw_ad5933_range4_pga1,0,0,0,0,0,0,0,0,0,0,0
data,10665512,1667,9,50000,-2040,3333,390775,12146,raw_ad5933_range4_pga1,0,0,0,0,0,0,0,0,0,0,0
data,10665653,1667,10,55000,-2219,3210,390232,12465,raw_ad5933_range4_pga1,0,0,0,0,0,0,0,0,0,0,0
data,10665796,1667,11,60000,-2390,3084,390169,12777,raw_ad5933_range4_pga1,0,0,0,0,0,0,0,0,0,0,0
data,10665938,1667,12,65000,-2563,2946,390485,13102,raw_ad5933_range4_pga1,0,0,0,0,0,0,0,0,0,0,0
data,10666080,1667,13,70000,-2720,2791,389719,13426,raw_ad5933_range4_pga1,0,0,0,0,0,0,0,0,0,0,0
data,10666222,1667,14,75000,-2862,2632,388825,13739,raw_ad5933_range4_pga1,0,0,0,0,0,0,0,0,0,0,0
data,10666365,1667,15,80000,-2998,2470,388444,14051,raw_ad5933_range4_pga1,0,0,0,0,0,0,0,0,0,0,0
data,10666507,1667,16,85000,-3128,2295,387961,14373,raw_ad5933_range4_pga1,0,0,0,0,0,0,0,0,0,0,0
data,10666649,1667,17,90000,-3241,2123,387443,14677,raw_ad5933_range4_pga1,0,0,0,0,0,0,0,0,0,0,0
data,10666792,1667,18,95000,-3351,1939,387155,14994,raw_ad5933_range4_pga1,0,0,0,0,0,0,0,0,0,0,0
data,10666934,1667,19,100000,-3442,1748,386042,15307,raw_ad5933_range4_pga1,0,0,0,0,0,0,0,0,0,0,0
status,10667055,1667,0,0,0,0,0,0,sweep_end,0,0,0,0,0,0,0,0,0,0,0
status,10670136,0,0,0,0,0,0,0,i2c_pc8_pc9_scan_start
status,10670301,0,0,0,0,0,0,0,i2c_pc8_pc9_found_0x68
status,10670379,0,0,0,0,0,0,0,i2c_pc8_pc9_scan_end_count_1
imu,10670464,0,0,0,0,0,0,0,imu_sample,0x68,0x68,-2636,6416,8976,-380,18,393,-2800,0x00,0
status,10670567,1668,0,0,0,0,0,0,sweep_start_5k_to_100k,0,0,0,0,0,0,0,0,0,0,0
data,10670742,1668,0,5000,-81,3889,388984,9119,raw_ad5933_range4_pga1,0,0,0,0,0,0,0,0,0,0,0
data,10670878,1668,1,10000,-363,3896,391287,9532,raw_ad5933_range4_pga1,0,0,0,0,0,0,0,0,0,0,0
data,10671017,1668,2,15000,-611,3874,392189,9896,raw_ad5933_range4_pga1,0,0,0,0,0,0,0,0,0,0,0
data,10671156,1668,3,20000,-830,3838,392672,10220,raw_ad5933_range4_pga1,0,0,0,0,0,0,0,0,0,0,0
data,10671296,1668,4,25000,-1052,3780,392366,10555,raw_ad5933_range4_pga1,0,0,0,0,0,0,0,0,0,0,0
data,10671437,1668,5,30000,-1255,3716,392220,10866,raw_ad5933_range4_pga1,0,0,0,0,0,0,0,0,0,0,0
data,10671579,1668,6,35000,-1466,3637,392134,11195,raw_ad5933_range4_pga1,0,0,0,0,0,0,0,0,0,0,0
data,10671720,1668,7,40000,-1662,3548,391798,11509,raw_ad5933_range4_pga1,0,0,0,0,0,0,0,0,0,0,0
data,10671861,1668,8,45000,-1861,3432,390409,11846,raw_ad5933_range4_pga1,0,0,0,0,0,0,0,0,0,0,0
data,10672002,1668,9,50000,-2044,3335,391154,12150,raw_ad5933_range4_pga1,0,0,0,0,0,0,0,0,0,0,0
data,10672143,1668,10,55000,-2228,3216,391237,12471,raw_ad5933_range4_pga1,0,0,0,0,0,0,0,0,0,0,0
data,10672286,1668,11,60000,-2397,3078,390124,12790,raw_ad5933_range4_pga1,0,0,0,0,0,0,0,0,0,0,0
data,10672428,1668,12,65000,-2562,2938,389816,13108,raw_ad5933_range4_pga1,0,0,0,0,0,0,0,0,0,0,0
data,10672570,1668,13,70000,-2722,2802,390647,13417,raw_ad5933_range4_pga1,0,0,0,0,0,0,0,0,0,0,0
data,10672712,1668,14,75000,-2852,2631,388021,13730,raw_ad5933_range4_pga1,0,0,0,0,0,0,0,0,0,0,0
data,10672855,1668,15,80000,-2996,2466,388036,14054,raw_ad5933_range4_pga1,0,0,0,0,0,0,0,0,0,0,0
data,10672997,1668,16,85000,-3123,2289,387203,14376,raw_ad5933_range4_pga1,0,0,0,0,0,0,0,0,0,0,0
data,10673139,1668,17,90000,-3240,2114,386867,14687,raw_ad5933_range4_pga1,0,0,0,0,0,0,0,0,0,0,0
data,10673282,1668,18,95000,-3354,1933,387115,15004,raw_ad5933_range4_pga1,0,0,0,0,0,0,0,0,0,0,0
data,10673424,1668,19,100000,-3450,1741,386440,15322,raw_ad5933_range4_pga1,0,0,0,0,0,0,0,0,0,0,0
status,10673545,1668,0,0,0,0,0,0,sweep_end,0,0,0,0,0,0,0,0,0,0,0
status,10676626,0,0,0,0,0,0,0,i2c_pc8_pc9_scan_start
status,10676791,0,0,0,0,0,0,0,i2c_pc8_pc9_found_0x68
status,10676869,0,0,0,0,0,0,0,i2c_pc8_pc9_scan_end_count_1
imu,10676954,0,0,0,0,0,0,0,imu_sample,0x68,0x68,-2648,6408,9056,-349,25,416,-2816,0x00,0
status,10677057,1669,0,0,0,0,0,0,sweep_start_5k_to_100k,0,0,0,0,0,0,0,0,0,0,0
data,10677232,1669,0,5000,-73,3885,388569,9107,raw_ad5933_range4_pga1,0,0,0,0,0,0,0,0,0,0,0
data,10677368,1669,1,10000,-367,3896,391325,9538,raw_ad5933_range4_pga1,0,0,0,0,0,0,0,0,0,0,0
data,10677507,1669,2,15000,-604,3872,391883,9886,raw_ad5933_range4_pga1,0,0,0,0,0,0,0,0,0,0,0
data,10677646,1669,3,20000,-835,3835,392485,10228,raw_ad5933_range4_pga1,0,0,0,0,0,0,0,0,0,0,0
data,10677786,1669,4,25000,-1057,3777,392211,10563,raw_ad5933_range4_pga1,0,0,0,0,0,0,0,0,0,0,0
data,10677927,1669,5,30000,-1253,3713,391872,10864,raw_ad5933_range4_pga1,0,0,0,0,0,0,0,0,0,0,0
data,10678069,1669,6,35000,-1463,3625,390909,11197,raw_ad5933_range4_pga1,0,0,0,0,0,0,0,0,0,0,0
data,10678210,1669,7,40000,-1666,3551,392239,11513,raw_ad5933_range4_pga1,0,0,0,0,0,0,0,0,0,0,0
data,10678351,1669,8,45000,-1858,3444,391322,11834,raw_ad5933_range4_pga1,0,0,0,0,0,0,0,0,0,0,0
data,10678492,1669,9,50000,-2053,3336,391710,12160,raw_ad5933_range4_pga1,0,0,0,0,0,0,0,0,0,0,0
data,10678633,1669,10,55000,-2227,3229,392250,12459,raw_ad5933_range4_pga1,0,0,0,0,0,0,0,0,0,0,0
data,10678776,1669,11,60000,-2391,3086,390388,12776,raw_ad5933_range4_pga1,0,0,0,0,0,0,0,0,0,0,0
data,10678918,1669,12,65000,-2563,2942,390184,13106,raw_ad5933_range4_pga1,0,0,0,0,0,0,0,0,0,0,0
data,10679060,1669,13,70000,-2719,2783,389076,13433,raw_ad5933_range4_pga1,0,0,0,0,0,0,0,0,0,0,0
data,10679202,1669,14,75000,-2862,2638,389231,13733,raw_ad5933_range4_pga1,0,0,0,0,0,0,0,0,0,0,0
data,10679345,1669,15,80000,-3004,2465,388590,14062,raw_ad5933_range4_pga1,0,0,0,0,0,0,0,0,0,0,0
data,10679487,1669,16,85000,-3127,2298,388058,14368,raw_ad5933_range4_pga1,0,0,0,0,0,0,0,0,0,0,0
data,10679629,1669,17,90000,-3247,2117,387617,14689,raw_ad5933_range4_pga1,0,0,0,0,0,0,0,0,0,0,0
data,10679772,1669,18,95000,-3355,1931,387102,15007,raw_ad5933_range4_pga1,0,0,0,0,0,0,0,0,0,0,0
data,10679914,1669,19,100000,-3446,1746,386309,15312,raw_ad5933_range4_pga1,0,0,0,0,0,0,0,0,0,0,0
status,10680035,1669,0,0,0,0,0,0,sweep_end,0,0,0,0,0,0,0,0,0,0,0
status,10683116,0,0,0,0,0,0,0,i2c_pc8_pc9_scan_start
status,10683281,0,0,0,0,0,0,0,i2c_pc8_pc9_found_0x68
status,10683359,0,0,0,0,0,0,0,i2c_pc8_pc9_scan_end_count_1
imu,10683444,0,0,0,0,0,0,0,imu_sample,0x68,0x68,-2648,6428,8912,-365,20,412,-2832,0x00,0
status,10683547,1670,0,0,0,0,0,0,sweep_start_5k_to_100k,0,0,0,0,0,0,0,0,0,0,0
data,10683722,1670,0,5000,-83,3886,388689,9122,raw_ad5933_range4_pga1,0,0,0,0,0,0,0,0,0,0,0
data,10683858,1670,1,10000,-368,3899,391633,9539,raw_ad5933_range4_pga1,0,0,0,0,0,0,0,0,0,0,0
data,10683997,1670,2,15000,-605,3883,392985,9885,raw_ad5933_range4_pga1,0,0,0,0,0,0,0,0,0,0,0
data,10684136,1670,3,20000,-834,3839,392855,10225,raw_ad5933_range4_pga1,0,0,0,0,0,0,0,0,0,0,0
data,10684276,1670,4,25000,-1056,3790,393437,10556,raw_ad5933_range4_pga1,0,0,0,0,0,0,0,0,0,0,0
data,10684417,1670,5,30000,-1258,3714,392127,10871,raw_ad5933_range4_pga1,0,0,0,0,0,0,0,0,0,0,0
data,10684559,1670,6,35000,-1462,3632,391521,11192,raw_ad5933_range4_pga1,0,0,0,0,0,0,0,0,0,0,0
data,10684700,1670,7,40000,-1665,3551,392197,11512,raw_ad5933_range4_pga1,0,0,0,0,0,0,0,0,0,0,0
data,10684841,1670,8,45000,-1855,3456,392237,11822,raw_ad5933_range4_pga1,0,0,0,0,0,0,0,0,0,0,0
data,10684982,1670,9,50000,-2048,3337,391534,12153,raw_ad5933_range4_pga1,0,0,0,0,0,0,0,0,0,0,0
data,10685123,1670,10,55000,-2229,3211,390883,12476,raw_ad5933_range4_pga1,0,0,0,0,0,0,0,0,0,0,0
data,10685266,1670,11,60000,-2397,3081,390361,12788,raw_ad5933_range4_pga1,0,0,0,0,0,0,0,0,0,0,0
data,10685408,1670,12,65000,-2567,2942,390447,13110,raw_ad5933_range4_pga1,0,0,0,0,0,0,0,0,0,0,0
data,10685550,1670,13,70000,-2718,2801,390296,13413,raw_ad5933_range4_pga1,0,0,0,0,0,0,0,0,0,0,0
data,10685692,1670,14,75000,-2858,2636,388802,13731,raw_ad5933_range4_pga1,0,0,0,0,0,0,0,0,0,0,0
data,10685835,1670,15,80000,-3000,2475,388917,14047,raw_ad5933_range4_pga1,0,0,0,0,0,0,0,0,0,0,0
data,10685977,1670,16,85000,-3127,2297,387999,14370,raw_ad5933_range4_pga1,0,0,0,0,0,0,0,0,0,0,0
data,10686119,1670,17,90000,-3238,2124,387247,14673,raw_ad5933_range4_pga1,0,0,0,0,0,0,0,0,0,0,0
data,10686262,1670,18,95000,-3353,1929,386829,15008,raw_ad5933_range4_pga1,0,0,0,0,0,0,0,0,0,0,0
data,10686404,1670,19,100000,-3443,1746,386041,15310,raw_ad5933_range4_pga1,0,0,0,0,0,0,0,0,0,0,0
status,10686525,1670,0,0,0,0,0,0,sweep_end,0,0,0,0,0,0,0,0,0,0,0
status,10689606,0,0,0,0,0,0,0,i2c_pc8_pc9_scan_start
status,10689771,0,0,0,0,0,0,0,i2c_pc8_pc9_found_0x68
status,10689849,0,0,0,0,0,0,0,i2c_pc8_pc9_scan_end_count_1
imu,10689934,0,0,0,0,0,0,0,imu_sample,0x68,0x68,-2616,6396,8820,-368,5,416,-2800,0x00,0
status,10690036,1671,0,0,0,0,0,0,sweep_start_5k_to_100k,0,0,0,0,0,0,0,0,0,0,0
data,10690211,1671,0,5000,-80,3890,389082,9117,raw_ad5933_range4_pga1,0,0,0,0,0,0,0,0,0,0,0
data,10690347,1671,1,10000,-367,3889,390628,9539,raw_ad5933_range4_pga1,0,0,0,0,0,0,0,0,0,0,0
data,10690486,1671,2,15000,-604,3871,391784,9886,raw_ad5933_range4_pga1,0,0,0,0,0,0,0,0,0,0,0
data,10690625,1671,3,20000,-839,3835,392570,10234,raw_ad5933_range4_pga1,0,0,0,0,0,0,0,0,0,0,0
data,10690765,1671,4,25000,-1046,3782,392398,10546,raw_ad5933_range4_pga1,0,0,0,0,0,0,0,0,0,0,0
data,10690906,1671,5,30000,-1262,3717,392540,10875,raw_ad5933_range4_pga1,0,0,0,0,0,0,0,0,0,0,0
data,10691048,1671,6,35000,-1464,3640,392338,11190,raw_ad5933_range4_pga1,0,0,0,0,0,0,0,0,0,0,0
data,10691189,1671,7,40000,-1662,3541,391164,11514,raw_ad5933_range4_pga1,0,0,0,0,0,0,0,0,0,0,0
data,10691330,1671,8,45000,-1853,3452,391790,11822,raw_ad5933_range4_pga1,0,0,0,0,0,0,0,0,0,0,0
data,10691471,1671,9,50000,-2048,3333,391193,12156,raw_ad5933_range4_pga1,0,0,0,0,0,0,0,0,0,0,0
data,10691612,1671,10,55000,-2219,3213,390478,12463,raw_ad5933_range4_pga1,0,0,0,0,0,0,0,0,0,0,0
data,10691754,1671,11,60000,-2399,3093,391431,12779,raw_ad5933_range4_pga1,0,0,0,0,0,0,0,0,0,0,0
data,10691897,1671,12,65000,-2562,2942,390118,13105,raw_ad5933_range4_pga1,0,0,0,0,0,0,0,0,0,0,0
data,10692039,1671,13,70000,-2718,2792,389651,13423,raw_ad5933_range4_pga1,0,0,0,0,0,0,0,0,0,0,0
data,10692181,1671,14,75000,-2859,2637,388943,13731,raw_ad5933_range4_pga1,0,0,0,0,0,0,0,0,0,0,0
data,10692324,1671,15,80000,-3002,2476,389135,14048,raw_ad5933_range4_pga1,0,0,0,0,0,0,0,0,0,0,0
data,10692466,1671,16,85000,-3129,2295,388042,14374,raw_ad5933_range4_pga1,0,0,0,0,0,0,0,0,0,0,0
data,10692608,1671,17,90000,-3243,2119,387391,14683,raw_ad5933_range4_pga1,0,0,0,0,0,0,0,0,0,0,0
data,10692751,1671,18,95000,-3347,1931,386409,15001,raw_ad5933_range4_pga1,0,0,0,0,0,0,0,0,0,0,0
data,10692893,1671,19,100000,-3443,1747,386086,15309,raw_ad5933_range4_pga1,0,0,0,0,0,0,0,0,0,0,0
status,10693014,1671,0,0,0,0,0,0,sweep_end,0,0,0,0,0,0,0,0,0,0,0
status,10696095,0,0,0,0,0,0,0,i2c_pc8_pc9_scan_start
status,10696260,0,0,0,0,0,0,0,i2c_pc8_pc9_found_0x68
status,10696338,0,0,0,0,0,0,0,i2c_pc8_pc9_scan_end_count_1
imu,10696423,0,0,0,0,0,0,0,imu_sample,0x68,0x68,-2636,6384,8960,-343,12,427,-2832,0x00,0
status,10696526,1672,0,0,0,0,0,0,sweep_start_5k_to_100k,0,0,0,0,0,0,0,0,0,0,0
data,10696701,1672,0,5000,-74,3890,389070,9108,raw_ad5933_range4_pga1,0,0,0,0,0,0,0,0,0,0,0
data,10696837,1672,1,10000,-367,3895,391225,9538,raw_ad5933_range4_pga1,0,0,0,0,0,0,0,0,0,0,0
data,10696976,1672,2,15000,-609,3873,392059,9893,raw_ad5933_range4_pga1,0,0,0,0,0,0,0,0,0,0,0
data,10697115,1672,3,20000,-836,3836,392604,10229,raw_ad5933_range4_pga1,0,0,0,0,0,0,0,0,0,0,0
data,10697255,1672,4,25000,-1043,3782,392318,10541,raw_ad5933_range4_pga1,0,0,0,0,0,0,0,0,0,0,0
data,10697396,1672,5,30000,-1258,3710,391748,10873,raw_ad5933_range4_pga1,0,0,0,0,0,0,0,0,0,0,0
data,10697538,1672,6,35000,-1461,3641,392319,11186,raw_ad5933_range4_pga1,0,0,0,0,0,0,0,0,0,0,0
data,10697679,1672,7,40000,-1659,3551,391942,11504,raw_ad5933_range4_pga1,0,0,0,0,0,0,0,0,0,0,0
data,10697820,1672,8,45000,-1861,3445,391553,11837,raw_ad5933_range4_pga1,0,0,0,0,0,0,0,0,0,0,0
data,10697961,1672,9,50000,-2053,3337,391796,12160,raw_ad5933_range4_pga1,0,0,0,0,0,0,0,0,0,0,0
data,10698102,1672,10,55000,-2228,3214,391073,12473,raw_ad5933_range4_pga1,0,0,0,0,0,0,0,0,0,0,0
data,10698244,1672,11,60000,-2396,3079,390142,12788,raw_ad5933_range4_pga1,0,0,0,0,0,0,0,0,0,0,0
data,10698387,1672,12,65000,-2564,2936,389797,13113,raw_ad5933_range4_pga1,0,0,0,0,0,0,0,0,0,0,0
data,10698529,1672,13,70000,-2716,2798,389942,13414,raw_ad5933_range4_pga1,0,0,0,0,0,0,0,0,0,0,0
data,10698671,1672,14,75000,-2864,2632,388972,13741,raw_ad5933_range4_pga1,0,0,0,0,0,0,0,0,0,0,0
data,10698814,1672,15,80000,-2997,2470,388367,14050,raw_ad5933_range4_pga1,0,0,0,0,0,0,0,0,0,0,0
data,10698956,1672,16,85000,-3128,2304,388495,14362,raw_ad5933_range4_pga1,0,0,0,0,0,0,0,0,0,0,0
data,10699098,1672,17,90000,-3246,2120,387697,14685,raw_ad5933_range4_pga1,0,0,0,0,0,0,0,0,0,0,0
data,10699241,1672,18,95000,-3350,1935,386869,14998,raw_ad5933_range4_pga1,0,0,0,0,0,0,0,0,0,0,0
data,10699383,1672,19,100000,-3438,1745,385550,15308,raw_ad5933_range4_pga1,0,0,0,0,0,0,0,0,0,0,0
status,10699504,1672,0,0,0,0,0,0,sweep_end,0,0,0,0,0,0,0,0,0,0,0
status,10702585,0,0,0,0,0,0,0,i2c_pc8_pc9_scan_start
status,10702750,0,0,0,0,0,0,0,i2c_pc8_pc9_found_0x68
status,10702828,0,0,0,0,0,0,0,i2c_pc8_pc9_scan_end_count_1
imu,10702913,0,0,0,0,0,0,0,imu_sample,0x68,0x68,-2604,6360,8960,-362,34,440,-2768,0x00,0
status,10703016,1673,0,0,0,0,0,0,sweep_start_5k_to_100k,0,0,0,0,0,0,0,0,0,0,0
data,10703191,1673,0,5000,-78,3890,389078,9114,raw_ad5933_range4_pga1,0,0,0,0,0,0,0,0,0,0,0
data,10703327,1673,1,10000,-365,3900,391704,9534,raw_ad5933_range4_pga1,0,0,0,0,0,0,0,0,0,0,0
data,10703466,1673,2,15000,-611,3873,392090,9896,raw_ad5933_range4_pga1,0,0,0,0,0,0,0,0,0,0,0
data,10703605,1673,3,20000,-835,3835,392485,10228,raw_ad5933_range4_pga1,0,0,0,0,0,0,0,0,0,0,0
data,10703745,1673,4,25000,-1055,3788,393217,10556,raw_ad5933_range4_pga1,0,0,0,0,0,0,0,0,0,0,0
data,10703886,1673,5,30000,-1257,3715,392190,10869,raw_ad5933_range4_pga1,0,0,0,0,0,0,0,0,0,0,0
data,10704028,1673,6,35000,-1469,3635,392061,11200,raw_ad5933_range4_pga1,0,0,0,0,0,0,0,0,0,0,0
data,10704169,1673,7,40000,-1658,3547,391538,11505,raw_ad5933_range4_pga1,0,0,0,0,0,0,0,0,0,0,0
data,10704310,1673,8,45000,-1859,3457,392514,11826,raw_ad5933_range4_pga1,0,0,0,0,0,0,0,0,0,0,0
data,10704451,1673,9,50000,-2044,3336,391239,12149,raw_ad5933_range4_pga1,0,0,0,0,0,0,0,0,0,0,0
data,10704592,1673,10,55000,-2225,3214,390902,12469,raw_ad5933_range4_pga1,0,0,0,0,0,0,0,0,0,0,0
data,10704734,1673,11,60000,-2401,3084,390843,12790,raw_ad5933_range4_pga1,0,0,0,0,0,0,0,0,0,0,0
data,10704877,1673,12,65000,-2561,2940,389902,13105,raw_ad5933_range4_pga1,0,0,0,0,0,0,0,0,0,0,0
data,10705019,1673,13,70000,-2715,2792,389442,13419,raw_ad5933_range4_pga1,0,0,0,0,0,0,0,0,0,0,0
data,10705161,1673,14,75000,-2863,2635,389101,13737,raw_ad5933_range4_pga1,0,0,0,0,0,0,0,0,0,0,0
data,10705304,1673,15,80000,-2994,2471,388199,14046,raw_ad5933_range4_pga1,0,0,0,0,0,0,0,0,0,0,0
data,10705446,1673,16,85000,-3124,2301,387995,14362,raw_ad5933_range4_pga1,0,0,0,0,0,0,0,0,0,0,0
data,10705588,1673,17,90000,-3239,2120,387111,14679,raw_ad5933_range4_pga1,0,0,0,0,0,0,0,0,0,0,0
data,10705731,1673,18,95000,-3354,1925,386716,15014,raw_ad5933_range4_pga1,0,0,0,0,0,0,0,0,0,0,0
data,10705873,1673,19,100000,-3445,1741,385994,15318,raw_ad5933_range4_pga1,0,0,0,0,0,0,0,0,0,0,0
status,10705994,1673,0,0,0,0,0,0,sweep_end,0,0,0,0,0,0,0,0,0,0,0
status,10709075,0,0,0,0,0,0,0,i2c_pc8_pc9_scan_start
status,10709240,0,0,0,0,0,0,0,i2c_pc8_pc9_found_0x68
status,10709318,0,0,0,0,0,0,0,i2c_pc8_pc9_scan_end_count_1
imu,10709403,0,0,0,0,0,0,0,imu_sample,0x68,0x68,-2680,6332,9048,-368,-7,427,-2784,0x00,0
status,10709506,1674,0,0,0,0,0,0,sweep_start_5k_to_100k,0,0,0,0,0,0,0,0,0,0,0
data,10709681,1674,0,5000,-87,3895,389597,9127,raw_ad5933_range4_pga1,0,0,0,0,0,0,0,0,0,0,0
data,10709817,1674,1,10000,-360,3896,391260,9527,raw_ad5933_range4_pga1,0,0,0,0,0,0,0,0,0,0,0
data,10709956,1674,2,15000,-609,3867,391466,9894,raw_ad5933_range4_pga1,0,0,0,0,0,0,0,0,0,0,0
data,10710095,1674,3,20000,-831,3841,392987,10220,raw_ad5933_range4_pga1,0,0,0,0,0,0,0,0,0,0,0
data,10710235,1674,4,25000,-1051,3780,392339,10553,raw_ad5933_range4_pga1,0,0,0,0,0,0,0,0,0,0,0
data,10710376,1674,5,30000,-1260,3718,392570,10872,raw_ad5933_range4_pga1,0,0,0,0,0,0,0,0,0,0,0
data,10710518,1674,6,35000,-1461,3630,391298,11192,raw_ad5933_range4_pga1,0,0,0,0,0,0,0,0,0,0,0
data,10710659,1674,7,40000,-1655,3548,391501,11500,raw_ad5933_range4_pga1,0,0,0,0,0,0,0,0,0,0,0
data,10710800,1674,8,45000,-1866,3450,392230,11840,raw_ad5933_range4_pga1,0,0,0,0,0,0,0,0,0,0,0
data,10710941,1674,9,50000,-2041,3335,390998,12146,raw_ad5933_range4_pga1,0,0,0,0,0,0,0,0,0,0,0
data,10711082,1674,10,55000,-2214,3220,390771,12451,raw_ad5933_range4_pga1,0,0,0,0,0,0,0,0,0,0,0
data,10711224,1674,11,60000,-2395,3087,390712,12780,raw_ad5933_range4_pga1,0,0,0,0,0,0,0,0,0,0,0
data,10711367,1674,12,65000,-2559,2944,390072,13099,raw_ad5933_range4_pga1,0,0,0,0,0,0,0,0,0,0,0
data,10711509,1674,13,70000,-2713,2797,389661,13412,raw_ad5933_range4_pga1,0,0,0,0,0,0,0,0,0,0,0
data,10711651,1674,14,75000,-2865,2629,388843,13745,raw_ad5933_range4_pga1,0,0,0,0,0,0,0,0,0,0,0
data,10711794,1674,15,80000,-2995,2471,388277,14047,raw_ad5933_range4_pga1,0,0,0,0,0,0,0,0,0,0,0
data,10711936,1674,16,85000,-3125,2299,387957,14365,raw_ad5933_range4_pga1,0,0,0,0,0,0,0,0,0,0,0
data,10712078,1674,17,90000,-3250,2121,388087,14687,raw_ad5933_range4_pga1,0,0,0,0,0,0,0,0,0,0,0
data,10712221,1674,18,95000,-3359,1930,387399,15011,raw_ad5933_range4_pga1,0,0,0,0,0,0,0,0,0,0,0
data,10712363,1674,19,100000,-3437,1748,385597,15304,raw_ad5933_range4_pga1,0,0,0,0,0,0,0,0,0,0,0
status,10712484,1674,0,0,0,0,0,0,sweep_end,0,0,0,0,0,0,0,0,0,0,0
status,10715565,0,0,0,0,0,0,0,i2c_pc8_pc9_scan_start
status,10715730,0,0,0,0,0,0,0,i2c_pc8_pc9_found_0x68
status,10715808,0,0,0,0,0,0,0,i2c_pc8_pc9_scan_end_count_1
imu,10715893,0,0,0,0,0,0,0,imu_sample,0x68,0x68,-2660,6392,9016,-368,14,402,-2816,0x00,0
status,10715996,1675,0,0,0,0,0,0,sweep_start_5k_to_100k,0,0,0,0,0,0,0,0,0,0,0
data,10716171,1675,0,5000,-78,3889,388978,9114,raw_ad5933_range4_pga1,0,0,0,0,0,0,0,0,0,0,0
data,10716307,1675,1,10000,-365,3889,390609,9536,raw_ad5933_range4_pga1,0,0,0,0,0,0,0,0,0,0,0
data,10716446,1675,2,15000,-611,3869,391695,9897,raw_ad5933_range4_pga1,0,0,0,0,0,0,0,0,0,0,0
data,10716585,1675,3,20000,-827,3841,392902,10215,raw_ad5933_range4_pga1,0,0,0,0,0,0,0,0,0,0,0
data,10716725,1675,4,25000,-1050,3780,392312,10552,raw_ad5933_range4_pga1,0,0,0,0,0,0,0,0,0,0,0
data,10716866,1675,5,30000,-1260,3714,392191,10873,raw_ad5933_range4_pga1,0,0,0,0,0,0,0,0,0,0,0
data,10717008,1675,6,35000,-1469,3627,391319,11204,raw_ad5933_range4_pga1,0,0,0,0,0,0,0,0,0,0,0
data,10717149,1675,7,40000,-1667,3540,391286,11521,raw_ad5933_range4_pga1,0,0,0,0,0,0,0,0,0,0,0
data,10717290,1675,8,45000,-1853,3445,391173,11827,raw_ad5933_range4_pga1,0,0,0,0,0,0,0,0,0,0,0
data,10717431,1675,9,50000,-2043,3342,391699,12143,raw_ad5933_range4_pga1,0,0,0,0,0,0,0,0,0,0,0
data,10717572,1675,10,55000,-2230,3217,391433,12472,raw_ad5933_range4_pga1,0,0,0,0,0,0,0,0,0,0,0
data,10717714,1675,11,60000,-2393,3082,390194,12782,raw_ad5933_range4_pga1,0,0,0,0,0,0,0,0,0,0,0
data,10717857,1675,12,65000,-2564,2941,390174,13108,raw_ad5933_range4_pga1,0,0,0,0,0,0,0,0,0,0,0
data,10717999,1675,13,70000,-2720,2791,389719,13426,raw_ad5933_range4_pga1,0,0,0,0,0,0,0,0,0,0,0
data,10718141,1675,14,75000,-2863,2627,388560,13746,raw_ad5933_range4_pga1,0,0,0,0,0,0,0,0,0,0,0
data,10718284,1675,15,80000,-2992,2470,387982,14045,raw_ad5933_range4_pga1,0,0,0,0,0,0,0,0,0,0,0
data,10718426,1675,16,85000,-3126,2300,388096,14365,raw_ad5933_range4_pga1,0,0,0,0,0,0,0,0,0,0,0
data,10718568,1675,17,90000,-3238,2122,387137,14676,raw_ad5933_range4_pga1,0,0,0,0,0,0,0,0,0,0,0
data,10718711,1675,18,95000,-3356,1927,386989,15013,raw_ad5933_range4_pga1,0,0,0,0,0,0,0,0,0,0,0
data,10718853,1675,19,100000,-3453,1740,386663,15325,raw_ad5933_range4_pga1,0,0,0,0,0,0,0,0,0,0,0
status,10718974,1675,0,0,0,0,0,0,sweep_end,0,0,0,0,0,0,0,0,0,0,0
status,10722055,0,0,0,0,0,0,0,i2c_pc8_pc9_scan_start
status,10722220,0,0,0,0,0,0,0,i2c_pc8_pc9_found_0x68
status,10722298,0,0,0,0,0,0,0,i2c_pc8_pc9_scan_end_count_1
imu,10722383,0,0,0,0,0,0,0,imu_sample,0x68,0x68,-2608,6400,8748,-370,-9,420,-2816,0x00,0
status,10722486,1676,0,0,0,0,0,0,sweep_start_5k_to_100k,0,0,0,0,0,0,0,0,0,0,0
data,10722661,1676,0,5000,-77,3886,388676,9113,raw_ad5933_range4_pga1,0,0,0,0,0,0,0,0,0,0,0
data,10722797,1676,1,10000,-371,3895,391263,9544,raw_ad5933_range4_pga1,0,0,0,0,0,0,0,0,0,0,0
data,10722936,1676,2,15000,-602,3868,391457,9884,raw_ad5933_range4_pga1,0,0,0,0,0,0,0,0,0,0,0
data,10723075,1676,3,20000,-838,3842,393233,10230,raw_ad5933_range4_pga1,0,0,0,0,0,0,0,0,0,0,0
data,10723215,1676,4,25000,-1049,3773,391611,10553,raw_ad5933_range4_pga1,0,0,0,0,0,0,0,0,0,0,0
data,10723356,1676,5,30000,-1255,3717,392315,10865,raw_ad5933_range4_pga1,0,0,0,0,0,0,0,0,0,0,0
data,10723498,1676,6,35000,-1470,3634,392006,11202,raw_ad5933_range4_pga1,0,0,0,0,0,0,0,0,0,0,0
data,10723639,1676,7,40000,-1667,3544,391648,11519,raw_ad5933_range4_pga1,0,0,0,0,0,0,0,0,0,0,0
data,10723780,1676,8,45000,-1861,3451,392081,11833,raw_ad5933_range4_pga1,0,0,0,0,0,0,0,0,0,0,0
data,10723921,1676,9,50000,-2046,3340,391685,12149,raw_ad5933_range4_pga1,0,0,0,0,0,0,0,0,0,0,0
data,10724062,1676,10,55000,-2222,3214,390731,12465,raw_ad5933_range4_pga1,0,0,0,0,0,0,0,0,0,0,0
data,10724204,1676,11,60000,-2390,3084,390169,12777,raw_ad5933_range4_pga1,0,0,0,0,0,0,0,0,0,0,0
data,10724347,1676,12,65000,-2562,2947,390495,13100,raw_ad5933_range4_pga1,0,0,0,0,0,0,0,0,0,0,0
data,10724489,1676,13,70000,-2714,2791,389300,13419,raw_ad5933_range4_pga1,0,0,0,0,0,0,0,0,0,0,0
data,10724631,1676,14,75000,-2860,2634,388813,13735,raw_ad5933_range4_pga1,0,0,0,0,0,0,0,0,0,0,0
data,10724774,1676,15,80000,-2999,2471,388585,14051,raw_ad5933_range4_pga1,0,0,0,0,0,0,0,0,0,0,0
data,10724916,1676,16,85000,-3124,2293,387521,14372,raw_ad5933_range4_pga1,0,0,0,0,0,0,0,0,0,0,0
data,10725058,1676,17,90000,-3240,2119,387140,14681,raw_ad5933_range4_pga1,0,0,0,0,0,0,0,0,0,0,0
data,10725201,1676,18,95000,-3356,1924,386840,15017,raw_ad5933_range4_pga1,0,0,0,0,0,0,0,0,0,0,0
data,10725343,1676,19,100000,-3437,1741,385280,15313,raw_ad5933_range4_pga1,0,0,0,0,0,0,0,0,0,0,0
status,10725464,1676,0,0,0,0,0,0,sweep_end,0,0,0,0,0,0,0,0,0,0,0
status,10728545,0,0,0,0,0,0,0,i2c_pc8_pc9_scan_start
status,10728710,0,0,0,0,0,0,0,i2c_pc8_pc9_found_0x68
status,10728788,0,0,0,0,0,0,0,i2c_pc8_pc9_scan_end_count_1
imu,10728873,0,0,0,0,0,0,0,imu_sample,0x68,0x68,-2596,6300,9108,-363,-4,415,-2816,0x00,0
status,10728976,1677,0,0,0,0,0,0,sweep_start_5k_to_100k,0,0,0,0,0,0,0,0,0,0,0
data,10729151,1677,0,5000,-77,3892,389276,9113,raw_ad5933_range4_pga1,0,0,0,0,0,0,0,0,0,0,0
data,10729287,1677,1,10000,-364,3896,391297,9533,raw_ad5933_range4_pga1,0,0,0,0,0,0,0,0,0,0,0
data,10729426,1677,2,15000,-606,3873,392012,9889,raw_ad5933_range4_pga1,0,0,0,0,0,0,0,0,0,0,0
data,10729565,1677,3,20000,-838,3840,393037,10231,raw_ad5933_range4_pga1,0,0,0,0,0,0,0,0,0,0,0
data,10729705,1677,4,25000,-1047,3784,392618,10546,raw_ad5933_range4_pga1,0,0,0,0,0,0,0,0,0,0,0
data,10729846,1677,5,30000,-1264,3718,392699,10877,raw_ad5933_range4_pga1,0,0,0,0,0,0,0,0,0,0,0
data,10729988,1677,6,35000,-1470,3641,392655,11198,raw_ad5933_range4_pga1,0,0,0,0,0,0,0,0,0,0,0
data,10730129,1677,7,40000,-1668,3553,392505,11514,raw_ad5933_range4_pga1,0,0,0,0,0,0,0,0,0,0,0
data,10730270,1677,8,45000,-1861,3442,391289,11839,raw_ad5933_range4_pga1,0,0,0,0,0,0,0,0,0,0,0
data,10730411,1677,9,50000,-2043,3340,391528,12145,raw_ad5933_range4_pga1,0,0,0,0,0,0,0,0,0,0,0
data,10730552,1677,10,55000,-2225,3215,390984,12468,raw_ad5933_range4_pga1,0,0,0,0,0,0,0,0,0,0,0
data,10730694,1677,11,60000,-2394,3087,390651,12779,raw_ad5933_range4_pga1,0,0,0,0,0,0,0,0,0,0,0
data,10730837,1677,12,65000,-2566,2945,390607,13106,raw_ad5933_range4_pga1,0,0,0,0,0,0,0,0,0,0,0
data,10730979,1677,13,70000,-2712,2793,389304,13415,raw_ad5933_range4_pga1,0,0,0,0,0,0,0,0,0,0,0
data,10731121,1677,14,75000,-2858,2631,388463,13736,raw_ad5933_range4_pga1,0,0,0,0,0,0,0,0,0,0,0
data,10731264,1677,15,80000,-3002,2474,389007,14050,raw_ad5933_range4_pga1,0,0,0,0,0,0,0,0,0,0,0
data,10731406,1677,16,85000,-3121,2297,387516,14364,raw_ad5933_range4_pga1,0,0,0,0,0,0,0,0,0,0,0
data,10731548,1677,17,90000,-3248,2123,388029,14683,raw_ad5933_range4_pga1,0,0,0,0,0,0,0,0,0,0,0
data,10731691,1677,18,95000,-3346,1927,386122,15006,raw_ad5933_range4_pga1,0,0,0,0,0,0,0,0,0,0,0
data,10731833,1677,19,100000,-3447,1736,385947,15326,raw_ad5933_range4_pga1,0,0,0,0,0,0,0,0,0,0,0
status,10731954,1677,0,0,0,0,0,0,sweep_end,0,0,0,0,0,0,0,0,0,0,0
status,10735035,0,0,0,0,0,0,0,i2c_pc8_pc9_scan_start
status,10735200,0,0,0,0,0,0,0,i2c_pc8_pc9_found_0x68
status,10735278,0,0,0,0,0,0,0,i2c_pc8_pc9_scan_end_count_1
imu,10735363,0,0,0,0,0,0,0,imu_sample,0x68,0x68,-2644,6464,8976,-362,-34,394,-2800,0x00,0
status,10735467,1678,0,0,0,0,0,0,sweep_start_5k_to_100k,0,0,0,0,0,0,0,0,0,0,0
data,10735642,1678,0,5000,-82,3886,388687,9120,raw_ad5933_range4_pga1,0,0,0,0,0,0,0,0,0,0,0
data,10735778,1678,1,10000,-365,3897,391406,9535,raw_ad5933_range4_pga1,0,0,0,0,0,0,0,0,0,0,0
data,10735917,1678,2,15000,-608,3872,391944,9892,raw_ad5933_range4_pga1,0,0,0,0,0,0,0,0,0,0,0
data,10736056,1678,3,20000,-835,3845,393462,10225,raw_ad5933_range4_pga1,0,0,0,0,0,0,0,0,0,0,0
data,10736196,1678,4,25000,-1048,3780,392259,10549,raw_ad5933_range4_pga1,0,0,0,0,0,0,0,0,0,0,0
data,10736337,1678,5,30000,-1259,3713,392064,10873,raw_ad5933_range4_pga1,0,0,0,0,0,0,0,0,0,0,0
data,10736479,1678,6,35000,-1468,3643,392765,11194,raw_ad5933_range4_pga1,0,0,0,0,0,0,0,0,0,0,0
data,10736620,1678,7,40000,-1664,3543,391430,11515,raw_ad5933_range4_pga1,0,0,0,0,0,0,0,0,0,0,0
data,10736761,1678,8,45000,-1847,3455,391771,11812,raw_ad5933_range4_pga1,0,0,0,0,0,0,0,0,0,0,0
data,10736902,1678,9,50000,-2053,3334,391540,12162,raw_ad5933_range4_pga1,0,0,0,0,0,0,0,0,0,0,0
data,10737043,1678,10,55000,-2228,3215,391155,12472,raw_ad5933_range4_pga1,0,0,0,0,0,0,0,0,0,0,0
data,10737185,1678,11,60000,-2397,3086,390756,12783,raw_ad5933_range4_pga1,0,0,0,0,0,0,0,0,0,0,0
data,10737328,1678,12,65000,-2565,2948,390768,13102,raw_ad5933_range4_pga1,0,0,0,0,0,0,0,0,0,0,0
data,10737470,1678,13,70000,-2716,2791,389440,13421,raw_ad5933_range4_pga1,0,0,0,0,0,0,0,0,0,0,0
data,10737612,1678,14,75000,-2866,2634,389255,13741,raw_ad5933_range4_pga1,0,0,0,0,0,0,0,0,0,0,0
data,10737755,1678,15,80000,-3003,2466,388576,14060,raw_ad5933_range4_pga1,0,0,0,0,0,0,0,0,0,0,0
data,10737897,1678,16,85000,-3131,2293,388085,14378,raw_ad5933_range4_pga1,0,0,0,0,0,0,0,0,0,0,0
data,10738039,1678,17,90000,-3244,2114,387202,14690,raw_ad5933_range4_pga1,0,0,0,0,0,0,0,0,0,0,0
data,10738181,1678,18,95000,-3355,1935,387302,15002,raw_ad5933_range4_pga1,0,0,0,0,0,0,0,0,0,0,0
data,10738324,1678,19,100000,-3441,1741,385637,15316,raw_ad5933_range4_pga1,0,0,0,0,0,0,0,0,0,0,0
status,10738445,1678,0,0,0,0,0,0,sweep_end,0,0,0,0,0,0,0,0,0,0,0
status,10741526,0,0,0,0,0,0,0,i2c_pc8_pc9_scan_start
status,10741691,0,0,0,0,0,0,0,i2c_pc8_pc9_found_0x68
status,10741769,0,0,0,0,0,0,0,i2c_pc8_pc9_scan_end_count_1
imu,10741854,0,0,0,0,0,0,0,imu_sample,0x68,0x68,-2652,6344,8932,-373,28,416,-2800,0x00,0
status,10741957,1679,0,0,0,0,0,0,sweep_start_5k_to_100k,0,0,0,0,0,0,0,0,0,0,0
data,10742132,1679,0,5000,-80,3882,388282,9118,raw_ad5933_range4_pga1,0,0,0,0,0,0,0,0,0,0,0
data,10742268,1679,1,10000,-364,3896,391297,9533,raw_ad5933_range4_pga1,0,0,0,0,0,0,0,0,0,0,0
data,10742407,1679,2,15000,-605,3875,392194,9887,raw_ad5933_range4_pga1,0,0,0,0,0,0,0,0,0,0,0
data,10742546,1679,3,20000,-844,3841,393263,10239,raw_ad5933_range4_pga1,0,0,0,0,0,0,0,0,0,0,0
data,10742686,1679,4,25000,-1052,3788,393137,10552,raw_ad5933_range4_pga1,0,0,0,0,0,0,0,0,0,0,0
data,10742827,1679,5,30000,-1269,3714,392481,10886,raw_ad5933_range4_pga1,0,0,0,0,0,0,0,0,0,0,0
data,10742969,1679,6,35000,-1465,3638,392190,11193,raw_ad5933_range4_pga1,0,0,0,0,0,0,0,0,0,0,0
data,10743110,1679,7,40000,-1664,3550,392064,11511,raw_ad5933_range4_pga1,0,0,0,0,0,0,0,0,0,0,0
data,10743251,1679,8,45000,-1857,3451,391891,11828,raw_ad5933_range4_pga1,0,0,0,0,0,0,0,0,0,0,0
data,10743392,1679,9,50000,-2038,3337,391012,12141,raw_ad5933_range4_pga1,0,0,0,0,0,0,0,0,0,0,0
data,10743533,1679,10,55000,-2221,3217,390921,12462,raw_ad5933_range4_pga1,0,0,0,0,0,0,0,0,0,0,0
data,10743675,1679,11,60000,-2395,3081,390238,12785,raw_ad5933_range4_pga1,0,0,0,0,0,0,0,0,0,0,0
data,10743818,1679,12,65000,-2559,2944,390072,13099,raw_ad5933_range4_pga1,0,0,0,0,0,0,0,0,0,0,0
data,10743960,1679,13,70000,-2718,2801,390296,13413,raw_ad5933_range4_pga1,0,0,0,0,0,0,0,0,0,0,0
data,10744102,1679,14,75000,-2857,2628,388186,13739,raw_ad5933_range4_pga1,0,0,0,0,0,0,0,0,0,0,0
data,10744245,1679,15,80000,-3002,2473,388944,14051,raw_ad5933_range4_pga1,0,0,0,0,0,0,0,0,0,0,0
data,10744387,1679,16,85000,-3128,2298,388139,14369,raw_ad5933_range4_pga1,0,0,0,0,0,0,0,0,0,0,0
data,10744529,1679,17,90000,-3246,2126,388026,14677,raw_ad5933_range4_pga1,0,0,0,0,0,0,0,0,0,0,0
data,10744671,1679,18,95000,-3355,1935,387302,15002,raw_ad5933_range4_pga1,0,0,0,0,0,0,0,0,0,0,0
data,10744814,1679,19,100000,-3450,1737,386260,15327,raw_ad5933_range4_pga1,0,0,0,0,0,0,0,0,0,0,0
status,10744935,1679,0,0,0,0,0,0,sweep_end,0,0,0,0,0,0,0,0,0,0,0
status,10748016,0,0,0,0,0,0,0,i2c_pc8_pc9_scan_start
status,10748181,0,0,0,0,0,0,0,i2c_pc8_pc9_found_0x68
status,10748259,0,0,0,0,0,0,0,i2c_pc8_pc9_scan_end_count_1
imu,10748344,0,0,0,0,0,0,0,imu_sample,0x68,0x68,-2644,6404,8780,-373,53,433,-2832,0x00,0
status,10748447,1680,0,0,0,0,0,0,sweep_start_5k_to_100k,0,0,0,0,0,0,0,0,0,0,0
data,10748622,1680,0,5000,-76,3888,388874,9111,raw_ad5933_range4_pga1,0,0,0,0,0,0,0,0,0,0,0
data,10748758,1680,1,10000,-363,3893,390989,9532,raw_ad5933_range4_pga1,0,0,0,0,0,0,0,0,0,0,0
data,10748897,1680,2,15000,-603,3874,392065,9884,raw_ad5933_range4_pga1,0,0,0,0,0,0,0,0,0,0,0
data,10749036,1680,3,20000,-837,3833,392332,10231,raw_ad5933_range4_pga1,0,0,0,0,0,0,0,0,0,0,0
data,10749176,1680,4,25000,-1049,3780,392286,10551,raw_ad5933_range4_pga1,0,0,0,0,0,0,0,0,0,0,0
data,10749317,1680,5,30000,-1263,3714,392288,10878,raw_ad5933_range4_pga1,0,0,0,0,0,0,0,0,0,0,0
data,10749459,1680,6,35000,-1468,3633,391838,11200,raw_ad5933_range4_pga1,0,0,0,0,0,0,0,0,0,0,0
data,10749600,1680,7,40000,-1662,3554,392341,11506,raw_ad5933_range4_pga1,0,0,0,0,0,0,0,0,0,0,0
data,10749741,1680,8,45000,-1864,3446,391783,11840,raw_ad5933_range4_pga1,0,0,0,0,0,0,0,0,0,0,0
data,10749882,1680,9,50000,-2041,3343,391680,12140,raw_ad5933_range4_pga1,0,0,0,0,0,0,0,0,0,0,0
data,10750023,1680,10,55000,-2222,3222,391389,12459,raw_ad5933_range4_pga1,0,0,0,0,0,0,0,0,0,0,0
data,10750166,1680,11,60000,-2394,3081,390177,12784,raw_ad5933_range4_pga1,0,0,0,0,0,0,0,0,0,0,0
data,10750308,1680,12,65000,-2562,2943,390193,13104,raw_ad5933_range4_pga1,0,0,0,0,0,0,0,0,0,0,0
data,10750450,1680,13,70000,-2710,2789,388878,13417,raw_ad5933_range4_pga1,0,0,0,0,0,0,0,0,0,0,0
data,10750592,1680,14,75000,-2863,2635,389101,13737,raw_ad5933_range4_pga1,0,0,0,0,0,0,0,0,0,0,0
data,10750735,1680,15,80000,-2997,2468,388240,14052,raw_ad5933_range4_pga1,0,0,0,0,0,0,0,0,0,0,0
data,10750877,1680,16,85000,-3127,2297,387999,14370,raw_ad5933_range4_pga1,0,0,0,0,0,0,0,0,0,0,0
data,10751019,1680,17,90000,-3244,2116,387311,14688,raw_ad5933_range4_pga1,0,0,0,0,0,0,0,0,0,0,0
data,10751162,1680,18,95000,-3353,1936,387178,14999,raw_ad5933_range4_pga1,0,0,0,0,0,0,0,0,0,0,0
data,10751304,1680,19,100000,-3445,1742,386039,15317,raw_ad5933_range4_pga1,0,0,0,0,0,0,0,0,0,0,0
status,10751425,1680,0,0,0,0,0,0,sweep_end,0,0,0,0,0,0,0,0,0,0,0
status,10754506,0,0,0,0,0,0,0,i2c_pc8_pc9_scan_start
status,10754671,0,0,0,0,0,0,0,i2c_pc8_pc9_found_0x68
status,10754749,0,0,0,0,0,0,0,i2c_pc8_pc9_scan_end_count_1
imu,10754834,0,0,0,0,0,0,0,imu_sample,0x68,0x68,-2632,6272,8944,-363,4,408,-2848,0x00,0
status,10754936,1681,0,0,0,0,0,0,sweep_start_5k_to_100k,0,0,0,0,0,0,0,0,0,0,0
data,10755111,1681,0,5000,-80,3889,388982,9117,raw_ad5933_range4_pga1,0,0,0,0,0,0,0,0,0,0,0
data,10755247,1681,1,10000,-361,3899,391568,9528,raw_ad5933_range4_pga1,0,0,0,0,0,0,0,0,0,0,0
data,10755386,1681,2,15000,-599,3873,391905,9879,raw_ad5933_range4_pga1,0,0,0,0,0,0,0,0,0,0,0
data,10755525,1681,3,20000,-836,3834,392409,10230,raw_ad5933_range4_pga1,0,0,0,0,0,0,0,0,0,0,0
data,10755665,1681,4,25000,-1049,3776,391900,10552,raw_ad5933_range4_pga1,0,0,0,0,0,0,0,0,0,0,0
data,10755807,1681,5,30000,-1261,3715,392318,10874,raw_ad5933_range4_pga1,0,0,0,0,0,0,0,0,0,0,0
data,10755948,1681,6,35000,-1467,3638,392264,11196,raw_ad5933_range4_pga1,0,0,0,0,0,0,0,0,0,0,0
data,10756089,1681,7,40000,-1660,3548,391713,11507,raw_ad5933_range4_pga1,0,0,0,0,0,0,0,0,0,0,0
data,10756230,1681,8,45000,-1858,3448,391674,11831,raw_ad5933_range4_pga1,0,0,0,0,0,0,0,0,0,0,0
data,10756371,1681,9,50000,-2048,3340,391790,12151,raw_ad5933_range4_pga1,0,0,0,0,0,0,0,0,0,0,0
data,10756512,1681,10,55000,-2221,3216,390839,12462,raw_ad5933_range4_pga1,0,0,0,0,0,0,0,0,0,0,0
data,10756655,1681,11,60000,-2395,3081,390238,12785,raw_ad5933_range4_pga1,0,0,0,0,0,0,0,0,0,0,0
data,10756797,1681,12,65000,-2565,2952,391069,13098,raw_ad5933_range4_pga1,0,0,0,0,0,0,0,0,0,0,0
data,10756939,1681,13,70000,-2714,2797,389731,13413,raw_ad5933_range4_pga1,0,0,0,0,0,0,0,0,0,0,0
data,10757081,1681,14,75000,-2864,2638,389378,13735,raw_ad5933_range4_pga1,0,0,0,0,0,0,0,0,0,0,0
data,10757224,1681,15,80000,-3001,2468,388549,14056,raw_ad5933_range4_pga1,0,0,0,0,0,0,0,0,0,0,0
data,10757366,1681,16,85000,-3133,2298,388542,14374,raw_ad5933_range4_pga1,0,0,0,0,0,0,0,0,0,0,0
data,10757508,1681,17,90000,-3240,2128,387634,14670,raw_ad5933_range4_pga1,0,0,0,0,0,0,0,0,0,0,0
data,10757651,1681,18,95000,-3361,1933,387722,15009,raw_ad5933_range4_pga1,0,0,0,0,0,0,0,0,0,0,0
data,10757793,1681,19,100000,-3438,1747,385640,15306,raw_ad5933_range4_pga1,0,0,0,0,0,0,0,0,0,0,0
status,10757915,1681,0,0,0,0,0,0,sweep_end,0,0,0,0,0,0,0,0,0,0,0
status,10760995,0,0,0,0,0,0,0,i2c_pc8_pc9_scan_start
status,10761160,0,0,0,0,0,0,0,i2c_pc8_pc9_found_0x68
status,10761238,0,0,0,0,0,0,0,i2c_pc8_pc9_scan_end_count_1
imu,10761323,0,0,0,0,0,0,0,imu_sample,0x68,0x68,-2640,6332,8964,-362,33,416,-2848,0x00,0
status,10761426,1682,0,0,0,0,0,0,sweep_start_5k_to_100k,0,0,0,0,0,0,0,0,0,0,0
data,10761601,1682,0,5000,-72,3887,388767,9106,raw_ad5933_range4_pga1,0,0,0,0,0,0,0,0,0,0,0
data,10761737,1682,1,10000,-361,3897,391369,9529,raw_ad5933_range4_pga1,0,0,0,0,0,0,0,0,0,0,0
data,10761876,1682,2,15000,-605,3863,391009,9890,raw_ad5933_range4_pga1,0,0,0,0,0,0,0,0,0,0,0
data,10762015,1682,3,20000,-833,3844,393322,10222,raw_ad5933_range4_pga1,0,0,0,0,0,0,0,0,0,0,0
data,10762155,1682,4,25000,-1052,3776,391981,10556,raw_ad5933_range4_pga1,0,0,0,0,0,0,0,0,0,0,0
data,10762297,1682,5,30000,-1260,3721,392854,10870,raw_ad5933_range4_pga1,0,0,0,0,0,0,0,0,0,0,0
data,10762438,1682,6,35000,-1468,3638,392302,11197,raw_ad5933_range4_pga1,0,0,0,0,0,0,0,0,0,0,0
data,10762579,1682,7,40000,-1668,3540,391329,11522,raw_ad5933_range4_pga1,0,0,0,0,0,0,0,0,0,0,0
data,10762720,1682,8,45000,-1857,3443,391187,11834,raw_ad5933_range4_pga1,0,0,0,0,0,0,0,0,0,0,0
data,10762861,1682,9,50000,-2053,3329,391114,12166,raw_ad5933_range4_pga1,0,0,0,0,0,0,0,0,0,0,0
data,10763002,1682,10,55000,-2227,3213,390933,12472,raw_ad5933_range4_pga1,0,0,0,0,0,0,0,0,0,0,0
data,10763145,1682,11,60000,-2391,3085,390309,12777,raw_ad5933_range4_pga1,0,0,0,0,0,0,0,0,0,0,0
data,10763287,1682,12,65000,-2564,2940,390099,13109,raw_ad5933_range4_pga1,0,0,0,0,0,0,0,0,0,0,0
data,10763429,1682,13,70000,-2718,2788,389364,13427,raw_ad5933_range4_pga1,0,0,0,0,0,0,0,0,0,0,0
data,10763571,1682,14,75000,-2856,2635,388587,13730,raw_ad5933_range4_pga1,0,0,0,0,0,0,0,0,0,0,0
data,10763714,1682,15,80000,-2998,2466,388190,14056,raw_ad5933_range4_pga1,0,0,0,0,0,0,0,0,0,0,0
data,10763856,1682,16,85000,-3124,2299,387876,14365,raw_ad5933_range4_pga1,0,0,0,0,0,0,0,0,0,0,0
data,10763998,1682,17,90000,-3241,2111,386787,14692,raw_ad5933_range4_pga1,0,0,0,0,0,0,0,0,0,0,0
data,10764141,1682,18,95000,-3343,1928,385912,15002,raw_ad5933_range4_pga1,0,0,0,0,0,0,0,0,0,0,0
data,10764283,1682,19,100000,-3442,1747,385997,15308,raw_ad5933_range4_pga1,0,0,0,0,0,0,0,0,0,0,0
status,10764405,1682,0,0,0,0,0,0,sweep_end,0,0,0,0,0,0,0,0,0,0,0
status,10767485,0,0,0,0,0,0,0,i2c_pc8_pc9_scan_start
status,10767650,0,0,0,0,0,0,0,i2c_pc8_pc9_found_0x68
status,10767728,0,0,0,0,0,0,0,i2c_pc8_pc9_scan_end_count_1
imu,10767813,0,0,0,0,0,0,0,imu_sample,0x68,0x68,-2604,6316,8916,-360,-27,411,-2848,0x00,0
status,10767917,1683,0,0,0,0,0,0,sweep_start_5k_to_100k,0,0,0,0,0,0,0,0,0,0,0
data,10768092,1683,0,5000,-86,3887,388795,9126,raw_ad5933_range4_pga1,0,0,0,0,0,0,0,0,0,0,0
data,10768228,1683,1,10000,-371,3898,391562,9543,raw_ad5933_range4_pga1,0,0,0,0,0,0,0,0,0,0,0
data,10768367,1683,2,15000,-596,3870,391562,9875,raw_ad5933_range4_pga1,0,0,0,0,0,0,0,0,0,0,0
data,10768506,1683,3,20000,-830,3839,392770,10219,raw_ad5933_range4_pga1,0,0,0,0,0,0,0,0,0,0,0
data,10768646,1683,4,25000,-1058,3784,392912,10562,raw_ad5933_range4_pga1,0,0,0,0,0,0,0,0,0,0,0
data,10768787,1683,5,30000,-1266,3723,393236,10878,raw_ad5933_range4_pga1,0,0,0,0,0,0,0,0,0,0,0
data,10768929,1683,6,35000,-1466,3637,392134,11195,raw_ad5933_range4_pga1,0,0,0,0,0,0,0,0,0,0,0
data,10769070,1683,7,40000,-1663,3545,391569,11513,raw_ad5933_range4_pga1,0,0,0,0,0,0,0,0,0,0,0
data,10769211,1683,8,45000,-1864,3449,392047,11838,raw_ad5933_range4_pga1,0,0,0,0,0,0,0,0,0,0,0
data,10769352,1683,9,50000,-2045,3334,391121,12152,raw_ad5933_range4_pga1,0,0,0,0,0,0,0,0,0,0,0
data,10769493,1683,10,55000,-2228,3209,390662,12477,raw_ad5933_range4_pga1,0,0,0,0,0,0,0,0,0,0,0
data,10769636,1683,11,60000,-2393,3084,390352,12780,raw_ad5933_range4_pga1,0,0,0,0,0,0,0,0,0,0,0
data,10769778,1683,12,65000,-2558,2944,390006,13098,raw_ad5933_range4_pga1,0,0,0,0,0,0,0,0,0,0,0
data,10769920,1683,13,70000,-2720,2789,389576,13428,raw_ad5933_range4_pga1,0,0,0,0,0,0,0,0,0,0,0
data,10770062,1683,14,75000,-2857,2630,388321,13736,raw_ad5933_range4_pga1,0,0,0,0,0,0,0,0,0,0,0
data,10770205,1683,15,80000,-2996,2471,388354,14048,raw_ad5933_range4_pga1,0,0,0,0,0,0,0,0,0,0,0
data,10770347,1683,16,85000,-3121,2297,387516,14364,raw_ad5933_range4_pga1,0,0,0,0,0,0,0,0,0,0,0
data,10770489,1683,17,90000,-3248,2121,387919,14685,raw_ad5933_range4_pga1,0,0,0,0,0,0,0,0,0,0,0
data,10770632,1683,18,95000,-3350,1930,386619,15005,raw_ad5933_range4_pga1,0,0,0,0,0,0,0,0,0,0,0
data,10770774,1683,19,100000,-3448,1752,386758,15306,raw_ad5933_range4_pga1,0,0,0,0,0,0,0,0,0,0,0
status,10770895,1683,0,0,0,0,0,0,sweep_end,0,0,0,0,0,0,0,0,0,0,0
status,10773976,0,0,0,0,0,0,0,i2c_pc8_pc9_scan_start
status,10774141,0,0,0,0,0,0,0,i2c_pc8_pc9_found_0x68
status,10774219,0,0,0,0,0,0,0,i2c_pc8_pc9_scan_end_count_1
imu,10774304,0,0,0,0,0,0,0,imu_sample,0x68,0x68,-2588,6276,9052,-343,3,399,-2848,0x00,0
status,10774406,1684,0,0,0,0,0,0,sweep_start_5k_to_100k,0,0,0,0,0,0,0,0,0,0,0
data,10774581,1684,0,5000,-81,3889,388984,9119,raw_ad5933_range4_pga1,0,0,0,0,0,0,0,0,0,0,0
data,10774717,1684,1,10000,-366,3904,392112,9535,raw_ad5933_range4_pga1,0,0,0,0,0,0,0,0,0,0,0
data,10774856,1684,2,15000,-604,3865,391191,9888,raw_ad5933_range4_pga1,0,0,0,0,0,0,0,0,0,0,0
data,10774995,1684,3,20000,-838,3838,392842,10231,raw_ad5933_range4_pga1,0,0,0,0,0,0,0,0,0,0,0
data,10775135,1684,4,25000,-1044,3779,392056,10544,raw_ad5933_range4_pga1,0,0,0,0,0,0,0,0,0,0,0
data,10775277,1684,5,30000,-1259,3720,392727,10869,raw_ad5933_range4_pga1,0,0,0,0,0,0,0,0,0,0,0
data,10775418,1684,6,35000,-1466,3640,392412,11193,raw_ad5933_range4_pga1,0,0,0,0,0,0,0,0,0,0,0
data,10775559,1684,7,40000,-1663,3551,392112,11509,raw_ad5933_range4_pga1,0,0,0,0,0,0,0,0,0,0,0
data,10775700,1684,8,45000,-1860,3445,391505,11836,raw_ad5933_range4_pga1,0,0,0,0,0,0,0,0,0,0,0
data,10775841,1684,9,50000,-2041,3333,390827,12148,raw_ad5933_range4_pga1,0,0,0,0,0,0,0,0,0,0,0
data,10775982,1684,10,55000,-2241,3209,391405,12492,raw_ad5933_range4_pga1,0,0,0,0,0,0,0,0,0,0,0
data,10776125,1684,11,60000,-2395,3080,390159,12786,raw_ad5933_range4_pga1,0,0,0,0,0,0,0,0,0,0,0
data,10776267,1684,12,65000,-2557,2933,389111,13108,raw_ad5933_range4_pga1,0,0,0,0,0,0,0,0,0,0,0
data,10776409,1684,13,70000,-2710,2792,389093,13414,raw_ad5933_range4_pga1,0,0,0,0,0,0,0,0,0,0,0
data,10776551,1684,14,75000,-2870,2632,389414,13747,raw_ad5933_range4_pga1,0,0,0,0,0,0,0,0,0,0,0
data,10776694,1684,15,80000,-3000,2470,388599,14053,raw_ad5933_range4_pga1,0,0,0,0,0,0,0,0,0,0,0
data,10776836,1684,16,85000,-3136,2293,388489,14382,raw_ad5933_range4_pga1,0,0,0,0,0,0,0,0,0,0,0
data,10776978,1684,17,90000,-3244,2121,387585,14682,raw_ad5933_range4_pga1,0,0,0,0,0,0,0,0,0,0,0
data,10777121,1684,18,95000,-3348,1929,386395,15005,raw_ad5933_range4_pga1,0,0,0,0,0,0,0,0,0,0,0
data,10777263,1684,19,100000,-3443,1743,385905,15314,raw_ad5933_range4_pga1,0,0,0,0,0,0,0,0,0,0,0
status,10777385,1684,0,0,0,0,0,0,sweep_end,0,0,0,0,0,0,0,0,0,0,0
status,10780465,0,0,0,0,0,0,0,i2c_pc8_pc9_scan_start
status,10780630,0,0,0,0,0,0,0,i2c_pc8_pc9_found_0x68
status,10780708,0,0,0,0,0,0,0,i2c_pc8_pc9_scan_end_count_1
imu,10780793,0,0,0,0,0,0,0,imu_sample,0x68,0x68,-2636,6392,8868,-364,-60,412,-2800,0x00,0
status,10780897,1685,0,0,0,0,0,0,sweep_start_5k_to_100k,0,0,0,0,0,0,0,0,0,0,0
data,10781072,1685,0,5000,-79,3887,388780,9116,raw_ad5933_range4_pga1,0,0,0,0,0,0,0,0,0,0,0
data,10781208,1685,1,10000,-363,3897,391387,9532,raw_ad5933_range4_pga1,0,0,0,0,0,0,0,0,0,0,0
data,10781347,1685,2,15000,-606,3876,392309,9888,raw_ad5933_range4_pga1,0,0,0,0,0,0,0,0,0,0,0
data,10781486,1685,3,20000,-836,3840,392995,10228,raw_ad5933_range4_pga1,0,0,0,0,0,0,0,0,0,0,0
data,10781626,1685,4,25000,-1045,3772,391408,10548,raw_ad5933_range4_pga1,0,0,0,0,0,0,0,0,0,0,0
data,10781767,1685,5,30000,-1259,3713,392064,10873,raw_ad5933_range4_pga1,0,0,0,0,0,0,0,0,0,0,0
data,10781909,1685,6,35000,-1474,3628,391600,11211,raw_ad5933_range4_pga1,0,0,0,0,0,0,0,0,0,0,0
data,10782050,1685,7,40000,-1664,3552,392245,11510,raw_ad5933_range4_pga1,0,0,0,0,0,0,0,0,0,0,0
data,10782191,1685,8,45000,-1855,3449,391620,11827,raw_ad5933_range4_pga1,0,0,0,0,0,0,0,0,0,0,0
data,10782332,1685,9,50000,-2044,3333,390984,12151,raw_ad5933_range4_pga1,0,0,0,0,0,0,0,0,0,0,0
data,10782473,1685,10,55000,-2223,3210,390459,12470,raw_ad5933_range4_pga1,0,0,0,0,0,0,0,0,0,0,0
data,10782615,1685,11,60000,-2395,3082,390317,12785,raw_ad5933_range4_pga1,0,0,0,0,0,0,0,0,0,0,0
data,10782758,1685,12,65000,-2560,2942,389987,13102,raw_ad5933_range4_pga1,0,0,0,0,0,0,0,0,0,0,0
data,10782900,1685,13,70000,-2719,2791,389649,13425,raw_ad5933_range4_pga1,0,0,0,0,0,0,0,0,0,0,0
data,10783042,1685,14,75000,-2863,2629,388695,13743,raw_ad5933_range4_pga1,0,0,0,0,0,0,0,0,0,0,0
data,10783185,1685,15,80000,-3007,2471,389203,14058,raw_ad5933_range4_pga1,0,0,0,0,0,0,0,0,0,0,0
data,10783327,1685,16,85000,-3126,2298,387978,14367,raw_ad5933_range4_pga1,0,0,0,0,0,0,0,0,0,0,0
data,10783469,1685,17,90000,-3238,2123,387192,14674,raw_ad5933_range4_pga1,0,0,0,0,0,0,0,0,0,0,0
data,10783611,1685,18,95000,-3354,1927,386816,15012,raw_ad5933_range4_pga1,0,0,0,0,0,0,0,0,0,0,0
data,10783754,1685,19,100000,-3443,1743,385905,15314,raw_ad5933_range4_pga1,0,0,0,0,0,0,0,0,0,0,0
status,10783875,1685,0,0,0,0,0,0,sweep_end,0,0,0,0,0,0,0,0,0,0,0
status,10786956,0,0,0,0,0,0,0,i2c_pc8_pc9_scan_start
status,10787121,0,0,0,0,0,0,0,i2c_pc8_pc9_found_0x68
status,10787199,0,0,0,0,0,0,0,i2c_pc8_pc9_scan_end_count_1
imu,10787284,0,0,0,0,0,0,0,imu_sample,0x68,0x68,-2668,6356,8956,-356,-13,425,-2848,0x00,0
status,10787388,1686,0,0,0,0,0,0,sweep_start_5k_to_100k,0,0,0,0,0,0,0,0,0,0,0
data,10787563,1686,0,5000,-81,3894,389484,9119,raw_ad5933_range4_pga1,0,0,0,0,0,0,0,0,0,0,0
data,10787699,1686,1,10000,-363,3894,391088,9532,raw_ad5933_range4_pga1,0,0,0,0,0,0,0,0,0,0,0
data,10787838,1686,2,15000,-614,3877,392532,9899,raw_ad5933_range4_pga1,0,0,0,0,0,0,0,0,0,0,0
data,10787977,1686,3,20000,-830,3839,392770,10219,raw_ad5933_range4_pga1,0,0,0,0,0,0,0,0,0,0,0
data,10788117,1686,4,25000,-1054,3779,392323,10558,raw_ad5933_range4_pga1,0,0,0,0,0,0,0,0,0,0,0
data,10788258,1686,5,30000,-1260,3718,392570,10872,raw_ad5933_range4_pga1,0,0,0,0,0,0,0,0,0,0,0
data,10788400,1686,6,35000,-1472,3635,392174,11204,raw_ad5933_range4_pga1,0,0,0,0,0,0,0,0,0,0,0
data,10788541,1686,7,40000,-1657,3549,391677,11502,raw_ad5933_range4_pga1,0,0,0,0,0,0,0,0,0,0,0
data,10788682,1686,8,45000,-1858,3460,392731,11823,raw_ad5933_range4_pga1,0,0,0,0,0,0,0,0,0,0,0
data,10788823,1686,9,50000,-2046,3335,391259,12152,raw_ad5933_range4_pga1,0,0,0,0,0,0,0,0,0,0,0
data,10788964,1686,10,55000,-2234,3217,391661,12477,raw_ad5933_range4_pga1,0,0,0,0,0,0,0,0,0,0,0
data,10789106,1686,11,60000,-2401,3084,390843,12790,raw_ad5933_range4_pga1,0,0,0,0,0,0,0,0,0,0,0
data,10789249,1686,12,65000,-2563,2947,390561,13101,raw_ad5933_range4_pga1,0,0,0,0,0,0,0,0,0,0,0
data,10789391,1686,13,70000,-2723,2790,389857,13430,raw_ad5933_range4_pga1,0,0,0,0,0,0,0,0,0,0,0
data,10789533,1686,14,75000,-2863,2632,388898,13740,raw_ad5933_range4_pga1,0,0,0,0,0,0,0,0,0,0,0
data,10789676,1686,15,80000,-3004,2469,388844,14058,raw_ad5933_range4_pga1,0,0,0,0,0,0,0,0,0,0,0
data,10789818,1686,16,85000,-3127,2294,387822,14373,raw_ad5933_range4_pga1,0,0,0,0,0,0,0,0,0,0,0
data,10789960,1686,17,90000,-3242,2118,387253,14684,raw_ad5933_range4_pga1,0,0,0,0,0,0,0,0,0,0,0
data,10790102,1686,18,95000,-3351,1937,387055,14997,raw_ad5933_range4_pga1,0,0,0,0,0,0,0,0,0,0,0
data,10790245,1686,19,100000,-3448,1742,386306,15319,raw_ad5933_range4_pga1,0,0,0,0,0,0,0,0,0,0,0
# automatic_capture_complete,complete_sweeps=30,finished=2026-08-25 20:21:38
