# automatic_capture,target_complete_sweeps=30,port=COM5,baud=115200,started=2026-08-23 22:34:03
53,raw_ad5933_range4_pga1,0,0,0,0,0,0,0,0,0,0,0
data,867543,139,13,70000,-2399,2860,373293,12999,raw_ad5933_range4_pga1,0,0,0,0,0,0,0,0,0,0,0
data,867682,139,14,75000,-2649,2713,379178,13431,raw_ad5933_range4_pga1,0,0,0,0,0,0,0,0,0,0,0
data,867821,139,15,80000,-2677,2664,377667,13513,raw_ad5933_range4_pga1,0,0,0,0,0,0,0,0,0,0,0
data,867960,139,16,85000,-2662,2957,397870,13199,raw_ad5933_range4_pga1,0,0,0,0,0,0,0,0,0,0,0
data,868099,139,17,90000,-3098,3033,433552,13560,raw_ad5933_range4_pga1,0,0,0,0,0,0,0,0,0,0,0
data,868238,139,18,95000,-3226,2856,430857,13848,raw_ad5933_range4_pga1,0,0,0,0,0,0,0,0,0,0,0
data,868377,139,19,10status,871572,0,0,0,0,0,0,0,i2c_pc8_pc9_scan_start
status,871735,0,0,0,0,0,0,0,i2c_pc8_pc9_found_0x68
status,871810,0,0,0,0,0,0,0,i2c_pc8_pc9_scan_end_count_1
imu,871894,0,0,0,0,0,0,0,imu_sample,0x68,0x68,-2416,5916,9476,-353,-4,433,-1632,0x00,0
status,871994,140,0,0,0,0,0,0,sweep_start_5k_to_100k,0,0,0,0,0,0,0,0,0,0,0
data,872166,140,0,5000,884,2154,232834,6768,raw_ad5933_range4_pga1,0,0,0,0,0,0,0,0,0,0,0
data,872299,140,1,10000,800,2929,303629,7472,raw_ad5933_range4_pga1,0,0,0,0,0,0,0,0,0,0,0
data,872433,140,2,15000,426,3339,336607,8272,raw_ad5933_range4_pga1,0,0,0,0,0,0,0,0,0,0,0
data,872568,140,3,20000,48,3533,353333,8922,raw_ad5933_range4_pga1,0,0,0,0,0,0,0,0,0,0,0
data,872701,140,4,25000,-295,3609,362104,9467,raw_ad5933_range4_pga1,0,0,0,0,0,0,0,0,0,0,0
data,872837,140,5,30000,-609,3616,366692,9955,raw_ad5933_range4_pga1,0,0,0,0,0,0,0,0,0,0,0
data,872972,140,6,35000,-892,3588,369722,10396,raw_ad5933_range4_pga1,0,0,0,0,0,0,0,0,0,0,0
data,873109,140,7,40000,-1151,3535,371766,10803,raw_ad5933_range4_pga1,0,0,0,0,0,0,0,0,0,0,0
data,873247,140,8,45000,-1397,3451,372304,11203,raw_ad5933_range4_pga1,0,0,0,0,0,0,0,0,0,0,0
data,873384,140,9,50000,-1630,3365,373900,11584,raw_ad5933_range4_pga1,0,0,0,0,0,0,0,0,0,0,0
data,873522,140,10,55000,-1837,3255,373759,11943,raw_ad5933_range4_pga1,0,0,0,0,0,0,0,0,0,0,0
data,873661,140,11,60000,-2042,3134,374055,12308,raw_ad5933_range4_pga1,0,0,0,0,0,0,0,0,0,0,0
data,873800,140,12,65000,-2233,3007,374544,12659,raw_ad5933_range4_pga1,0,0,0,0,0,0,0,0,0,0,0
data,873939,140,13,70000,-2408,2870,374638,12999,raw_ad5933_range4_pga1,0,0,0,0,0,0,0,0,0,0,0
data,874078,140,14,75000,-2575,2705,373466,13358,raw_ad5933_range4_pga1,0,0,0,0,0,0,0,0,0,0,0
data,874217,140,15,80000,-2728,2550,373423,13693,raw_ad5933_range4_pga1,0,0,0,0,0,0,0,0,0,0,0
data,874356,140,16,85000,-2875,2385,373549,14032,raw_ad5933_range4_pga1,0,0,0,0,0,0,0,0,0,0,0
data,874495,140,17,90000,-3003,2209,372796,14366,raw_ad5933_range4_pga1,0,0,0,0,0,0,0,0,0,0,0
data,874634,140,18,95000,-3125,2035,372919,14692,raw_ad5933_range4_pga1,0,0,0,0,0,0,0,0,0,0,0
data,874773,140,19,100000,-3233,1846,372290,15027,raw_ad5933_range4_pga1,0,0,0,0,0,0,0,0,0,0,0
status,874891,140,0,0,0,0,0,0,sweep_end,0,0,0,0,0,0,0,0,0,0,0
status,877968,0,0,0,0,0,0,0,i2c_pc8_pc9_scan_start
status,878131,0,0,0,0,0,0,0,i2c_pc8_pc9_found_0x68
status,878206,0,0,0,0,0,0,0,i2c_pc8_pc9_scan_end_count_1
imu,878290,0,0,0,0,0,0,0,imu_sample,0x68,0x68,-2384,5880,9500,-370,18,396,-1616,0x00,0
status,878390,141,0,0,0,0,0,0,sweep_start_5k_to_100k,0,0,0,0,0,0,0,0,0,0,0
data,878562,141,0,5000,888,2152,232801,6757,raw_ad5933_range4_pga1,0,0,0,0,0,0,0,0,0,0,0
data,878695,141,1,10000,801,2928,303559,7470,raw_ad5933_range4_pga1,0,0,0,0,0,0,0,0,0,0,0
data,878829,141,2,15000,423,3335,336172,8277,raw_ad5933_range4_pga1,0,0,0,0,0,0,0,0,0,0,0
data,878964,141,3,20000,49,3533,353334,8920,raw_ad5933_range4_pga1,0,0,0,0,0,0,0,0,0,0,0
data,879097,141,4,25000,-305,3611,362386,9482,raw_ad5933_range4_pga1,0,0,0,0,0,0,0,0,0,0,0
data,879232,141,5,30000,-607,3610,366068,9954,raw_ad5933_range4_pga1,0,0,0,0,0,0,0,0,0,0,0
data,879368,141,6,35000,-890,3586,369479,10393,raw_ad5933_range4_pga1,0,0,0,0,0,0,0,0,0,0,0
data,879505,141,7,40000,-1153,3525,370878,10811,raw_ad5933_range4_pga1,0,0,0,0,0,0,0,0,0,0,0
data,879642,141,8,45000,-1402,3454,372770,11209,raw_ad5933_range4_pga1,0,0,0,0,0,0,0,0,0,0,0
data,879780,141,9,50000,-1625,3363,373502,11578,raw_ad5933_range4_pga1,0,0,0,0,0,0,0,0,0,0,0
data,879918,141,10,55000,-1837,3257,373933,11942,raw_ad5933_range4_pga1,0,0,0,0,0,0,0,0,0,0,0
data,880057,141,11,60000,-2039,3135,373975,12303,raw_ad5933_range4_pga1,0,0,0,0,0,0,0,0,0,0,0
data,880196,141,12,65000,-2235,3001,374182,12667,raw_ad5933_range4_pga1,0,0,0,0,0,0,0,0,0,0,0
data,880335,141,13,70000,-2406,2855,373361,13012,raw_ad5933_range4_pga1,0,0,0,0,0,0,0,0,0,0,0
data,880474,141,14,75000,-2572,2709,373549,13351,raw_ad5933_range4_pga1,0,0,0,0,0,0,0,0,0,0,0
data,880613,141,15,80000,-2730,2551,373638,13694,raw_ad5933_range4_pga1,0,0,0,0,0,0,0,0,0,0,0
data,880752,141,16,85000,-2873,2385,373395,14030,raw_ad5933_range4_pga1,0,0,0,0,0,0,0,0,0,0,0
data,880891,141,17,90000,-3001,2211,372754,14361,raw_ad5933_range4_pga1,0,0,0,0,0,0,0,0,0,0,0
data,881030,141,18,95000,-3121,2037,372693,14686,raw_ad5933_range4_pga1,0,0,0,0,0,0,0,0,0,0,0
data,881169,141,19,100000,-3228,1843,371707,15027,raw_ad5933_range4_pga1,0,0,0,0,0,0,0,0,0,0,0
status,881287,141,0,0,0,0,0,0,sweep_end,0,0,0,0,0,0,0,0,0,0,0
status,884364,0,0,0,0,0,0,0,i2c_pc8_pc9_scan_start
status,884527,0,0,0,0,0,0,0,i2c_pc8_pc9_found_0x68
status,884602,0,0,0,0,0,0,0,i2c_pc8_pc9_scan_end_count_1
imu,884686,0,0,0,0,0,0,0,imu_sample,0x68,0x68,-2444,5768,9492,-362,16,425,-1600,0x00,0
status,884786,142,0,0,0,0,0,0,sweep_start_5k_to_100k,0,0,0,0,0,0,0,0,0,0,0
data,884958,142,0,5000,879,2153,232552,6779,raw_ad5933_range4_pga1,0,0,0,0,0,0,0,0,0,0,0
data,885091,142,1,10000,798,2930,303673,7476,raw_ad5933_range4_pga1,0,0,0,0,0,0,0,0,0,0,0
data,885225,142,2,15000,436,3326,335446,8253,raw_ad5933_range4_pga1,0,0,0,0,0,0,0,0,0,0,0
data,885360,142,3,20000,52,3532,353238,8915,raw_ad5933_range4_pga1,0,0,0,0,0,0,0,0,0,0,0
data,885493,142,4,25000,-289,3598,360959,9459,raw_ad5933_range4_pga1,0,0,0,0,0,0,0,0,0,0,0
data,885629,142,5,30000,-611,3609,366036,9960,raw_ad5933_range4_pga1,0,0,0,0,0,0,0,0,0,0,0
data,885764,142,6,35000,-891,3581,369018,10397,raw_ad5933_range4_pga1,0,0,0,0,0,0,0,0,0,0,0
data,885901,142,7,40000,-1143,3526,370663,10796,raw_ad5933_range4_pga1,0,0,0,0,0,0,0,0,0,0,0
data,886039,142,8,45000,-1403,3453,372715,11211,raw_ad5933_range4_pga1,0,0,0,0,0,0,0,0,0,0,0
data,886176,142,9,50000,-1623,3359,373055,11578,raw_ad5933_range4_pga1,0,0,0,0,0,0,0,0,0,0,0
data,886314,142,10,55000,-1838,3255,373808,11945,raw_ad5933_range4_pga1,0,0,0,0,0,0,0,0,0,0,0
data,886453,142,11,60000,-2040,3133,373862,12306,raw_ad5933_range4_pga1,0,0,0,0,0,0,0,0,0,0,0
data,886592,142,12,65000,-2223,2992,372744,12661,raw_ad5933_range4_pga1,0,0,0,0,0,0,0,0,0,0,0
data,886731,142,13,70000,-2418,2854,374059,13027,raw_ad5933_range4_pga1,0,0,0,0,0,0,0,0,0,0,0
data,886870,142,14,75000,-2576,2713,374114,13351,raw_ad5933_range4_pga1,0,0,0,0,0,0,0,0,0,0,0
data,887009,142,15,80000,-2729,2552,373633,13691,raw_ad5933_range4_pga1,0,0,0,0,0,0,0,0,0,0,0
data,887148,142,16,85000,-2873,2387,373522,14027,raw_ad5933_range4_pga1,0,0,0,0,0,0,0,0,0,0,0
data,887287,142,17,90000,-3005,2212,373135,14364,raw_ad5933_range4_pga1,0,0,0,0,0,0,0,0,0,0,0
data,887426,142,18,95000,-3117,2029,371921,14693,raw_ad5933_range4_pga1,0,0,0,0,0,0,0,0,0,0,0
data,887565,142,19,100000,-3230,1843,371881,15029,raw_ad5933_range4_pga1,0,0,0,0,0,0,0,0,0,0,0
status,887683,142,0,0,0,0,0,0,sweep_end,0,0,0,0,0,0,0,0,0,0,0
status,890760,0,0,0,0,0,0,0,i2c_pc8_pc9_scan_start
status,890923,0,0,0,0,0,0,0,i2c_pc8_pc9_found_0x68
status,890998,0,0,0,0,0,0,0,i2c_pc8_pc9_scan_end_count_1
imu,891082,0,0,0,0,0,0,0,imu_sample,0x68,0x68,-2424,5856,9468,-362,14,427,-1632,0x00,0
status,891182,143,0,0,0,0,0,0,sweep_start_5k_to_100k,0,0,0,0,0,0,0,0,0,0,0
data,891354,143,0,5000,879,2153,232552,6779,raw_ad5933_range4_pga1,0,0,0,0,0,0,0,0,0,0,0
data,891487,143,1,10000,801,2924,303173,7468,raw_ad5933_range4_pga1,0,0,0,0,0,0,0,0,0,0,0
data,891621,143,2,15000,428,3335,336235,8268,raw_ad5933_range4_pga1,0,0,0,0,0,0,0,0,0,0,0
data,891756,143,3,20000,48,3532,353233,8922,raw_ad5933_range4_pga1,0,0,0,0,0,0,0,0,0,0,0
data,891889,143,4,25000,-294,3599,361099,9467,raw_ad5933_range4_pga1,0,0,0,0,0,0,0,0,0,0,0
data,892024,143,5,30000,-601,3612,366166,9944,raw_ad5933_range4_pga1,0,0,0,0,0,0,0,0,0,0,0
data,892160,143,6,35000,-891,3581,369018,10397,raw_ad5933_range4_pga1,0,0,0,0,0,0,0,0,0,0,0
data,892297,143,7,40000,-1161,3531,371697,10820,raw_ad5933_range4_pga1,0,0,0,0,0,0,0,0,0,0,0
data,892434,143,8,45000,-1395,3452,372322,11200,raw_ad5933_range4_pga1,0,0,0,0,0,0,0,0,0,0,0
data,892572,143,9,50000,-1629,3360,373407,11586,raw_ad5933_range4_pga1,0,0,0,0,0,0,0,0,0,0,0
data,892710,143,10,55000,-1835,3255,373661,11941,raw_ad5933_range4_pga1,0,0,0,0,0,0,0,0,0,0,0
data,892849,143,11,60000,-2043,3137,374361,12307,raw_ad5933_range4_pga1,0,0,0,0,0,0,0,0,0,0,0
data,892988,143,12,65000,-2243,3008,375221,12671,raw_ad5933_range4_pga1,0,0,0,0,0,0,0,0,0,0,0
data,893127,143,13,70000,-2400,2860,373358,13000,raw_ad5933_range4_pga1,0,0,0,0,0,0,0,0,0,0,0
data,893266,143,14,75000,-2566,2707,372991,13346,raw_ad5933_range4_pga1,0,0,0,0,0,0,0,0,0,0,0
data,893405,143,15,80000,-2733,2549,373720,13699,raw_ad5933_range4_pga1,0,0,0,0,0,0,0,0,0,0,0
data,893544,143,16,85000,-2877,2384,373639,14035,raw_ad5933_range4_pga1,0,0,0,0,0,0,0,0,0,0,0
data,893683,143,17,90000,-3005,2208,372898,14369,raw_ad5933_range4_pga1,0,0,0,0,0,0,0,0,0,0,0
data,893822,143,18,95000,-3116,2030,371892,14691,raw_ad5933_range4_pga1,0,0,0,0,0,0,0,0,0,0,0
data,893961,143,19,100000,-3225,1845,371546,15022,raw_ad5933_range4_pga1,0,0,0,0,0,0,0,0,0,0,0
status,894079,143,0,0,0,0,0,0,sweep_end,0,0,0,0,0,0,0,0,0,0,0
status,897156,0,0,0,0,0,0,0,i2c_pc8_pc9_scan_start
status,897319,0,0,0,0,0,0,0,i2c_pc8_pc9_found_0x68
status,897394,0,0,0,0,0,0,0,i2c_pc8_pc9_scan_end_count_1
imu,897478,0,0,0,0,0,0,0,imu_sample,0x68,0x68,-2464,5868,9388,-374,15,426,-1600,0x00,0
status,897578,144,0,0,0,0,0,0,sweep_start_5k_to_100k,0,0,0,0,0,0,0,0,0,0,0
data,897750,144,0,5000,876,2155,232624,6787,raw_ad5933_range4_pga1,0,0,0,0,0,0,0,0,0,0,0
data,897883,144,1,10000,798,2927,303383,7474,raw_ad5933_range4_pga1,0,0,0,0,0,0,0,0,0,0,0
data,898017,144,2,15000,425,3328,335503,8272,raw_ad5933_range4_pga1,0,0,0,0,0,0,0,0,0,0,0
data,898152,144,3,20000,53,3535,353540,8914,raw_ad5933_range4_pga1,0,0,0,0,0,0,0,0,0,0,0
data,898285,144,4,25000,-281,3601,361195,9446,raw_ad5933_range4_pga1,0,0,0,0,0,0,0,0,0,0,0
data,898421,144,5,30000,-607,3611,366166,9954,raw_ad5933_range4_pga1,0,0,0,0,0,0,0,0,0,0,0
data,898556,144,6,35000,-893,3576,368581,10402,raw_ad5933_range4_pga1,0,0,0,0,0,0,0,0,0,0,0
data,898693,144,7,40000,-1149,3531,371324,10802,raw_ad5933_range4_pga1,0,0,0,0,0,0,0,0,0,0,0
data,898831,144,8,45000,-1382,3457,372301,11178,raw_ad5933_range4_pga1,0,0,0,0,0,0,0,0,0,0,0
data,898968,144,9,50000,-1625,3363,373502,11578,raw_ad5933_range4_pga1,0,0,0,0,0,0,0,0,0,0,0
data,899106,144,10,55000,-1835,3257,373835,11939,raw_ad5933_range4_pga1,0,0,0,0,0,0,0,0,0,0,0
data,899245,144,11,60000,-2039,3134,373891,12304,raw_ad5933_range4_pga1,0,0,0,0,0,0,0,0,0,0,0
data,899384,144,12,65000,-2219,3008,373792,12641,raw_ad5933_range4_pga1,0,0,0,0,0,0,0,0,0,0,0
data,899523,144,13,70000,-2405,2866,374139,13000,raw_ad5933_range4_pga1,0,0,0,0,0,0,0,0,0,0,0
data,899662,144,14,75000,-2571,2706,373262,13353,raw_ad5933_range4_pga1,0,0,0,0,0,0,0,0,0,0,0
data,899801,144,15,80000,-2731,2556,374052,13689,raw_ad5933_range4_pga1,0,0,0,0,0,0,0,0,0,0,0
data,899940,144,16,85000,-2874,2389,373727,14026,raw_ad5933_range4_pga1,0,0,0,0,0,0,0,0,0,0,0
data,900079,144,17,90000,-3001,2210,372694,14363,raw_ad5933_range4_pga1,0,0,0,0,0,0,0,0,0,0,0
data,900218,144,18,95000,-3124,2028,372454,14700,raw_ad5933_range4_pga1,0,0,0,0,0,0,0,0,0,0,0
data,900357,144,19,100000,-3238,1841,372477,15037,raw_ad5933_range4_pga1,0,0,0,0,0,0,0,0,0,0,0
status,900475,144,0,0,0,0,0,0,sweep_end,0,0,0,0,0,0,0,0,0,0,0
status,903552,0,0,0,0,0,0,0,i2c_pc8_pc9_scan_start
status,903715,0,0,0,0,0,0,0,i2c_pc8_pc9_found_0x68
status,903790,0,0,0,0,0,0,0,i2c_pc8_pc9_scan_end_count_1
imu,903874,0,0,0,0,0,0,0,imu_sample,0x68,0x68,-2360,5836,9300,-366,20,420,-1616,0x00,0
status,903974,145,0,0,0,0,0,0,sweep_start_5k_to_100k,0,0,0,0,0,0,0,0,0,0,0
data,904146,145,0,5000,882,2145,231926,6764,raw_ad5933_range4_pga1,0,0,0,0,0,0,0,0,0,0,0
data,904279,145,1,10000,798,2925,303190,7473,raw_ad5933_range4_pga1,0,0,0,0,0,0,0,0,0,0,0
data,904413,145,2,15000,430,3337,336459,8265,raw_ad5933_range4_pga1,0,0,0,0,0,0,0,0,0,0,0
data,904548,145,3,20000,50,3531,353135,8918,raw_ad5933_range4_pga1,0,0,0,0,0,0,0,0,0,0,0
data,904681,145,4,25000,-302,3586,359869,9481,raw_ad5933_range4_pga1,0,0,0,0,0,0,0,0,0,0,0
data,904816,145,5,30000,-599,3616,366528,9940,raw_ad5933_range4_pga1,0,0,0,0,0,0,0,0,0,0,0
data,904952,145,6,35000,-892,3585,369431,10397,raw_ad5933_range4_pga1,0,0,0,0,0,0,0,0,0,0,0
data,905089,145,7,40000,-1153,3527,371068,10810,raw_ad5933_range4_pga1,0,0,0,0,0,0,0,0,0,0,0
data,905226,145,8,45000,-1399,3449,372194,11207,raw_ad5933_range4_pga1,0,0,0,0,0,0,0,0,0,0,0
data,905364,145,9,50000,-1629,3357,373137,11588,raw_ad5933_range4_pga1,0,0,0,0,0,0,0,0,0,0,0
data,905502,145,10,55000,-1837,3251,373411,11946,raw_ad5933_range4_pga1,0,0,0,0,0,0,0,0,0,0,0
data,905641,145,11,60000,-2040,3143,374701,12298,raw_ad5933_range4_pga1,0,0,0,0,0,0,0,0,0,0,0
data,905780,145,12,65000,-2232,3006,374404,12659,raw_ad5933_range4_pga1,0,0,0,0,0,0,0,0,0,0,0
data,905919,145,13,70000,-2406,2864,374050,13003,raw_ad5933_range4_pga1,0,0,0,0,0,0,0,0,0,0,0
data,906058,145,14,75000,-2578,2706,373745,13361,raw_ad5933_range4_pga1,0,0,0,0,0,0,0,0,0,0,0
data,906197,145,15,80000,-2727,2559,373965,13682,raw_ad5933_range4_pga1,0,0,0,0,0,0,0,0,0,0,0
data,906336,145,16,85000,-2871,2380,372921,14034,raw_ad5933_range4_pga1,0,0,0,0,0,0,0,0,0,0,0
data,906475,145,17,90000,-3005,2215,373313,14360,raw_ad5933_range4_pga1,0,0,0,0,0,0,0,0,0,0,0
data,906614,145,18,95000,-3125,2030,372646,14699,raw_ad5933_range4_pga1,0,0,0,0,0,0,0,0,0,0,0
data,906753,145,19,100000,-3232,1852,372501,15018,raw_ad5933_range4_pga1,0,0,0,0,0,0,0,0,0,0,0
status,906871,145,0,0,0,0,0,0,sweep_end,0,0,0,0,0,0,0,0,0,0,0
status,909948,0,0,0,0,0,0,0,i2c_pc8_pc9_scan_start
status,910111,0,0,0,0,0,0,0,i2c_pc8_pc9_found_0x68
status,910186,0,0,0,0,0,0,0,i2c_pc8_pc9_scan_end_count_1
imu,910270,0,0,0,0,0,0,0,imu_sample,0x68,0x68,-2288,5736,9352,-356,29,417,-1632,0x00,0
status,910370,146,0,0,0,0,0,0,sweep_start_5k_to_100k,0,0,0,0,0,0,0,0,0,0,0
data,910542,146,0,5000,886,2155,233003,6765,raw_ad5933_range4_pga1,0,0,0,0,0,0,0,0,0,0,0
data,910675,146,1,10000,797,2925,303164,7475,raw_ad5933_range4_pga1,0,0,0,0,0,0,0,0,0,0,0
data,910809,146,2,15000,435,3346,337416,8259,raw_ad5933_range4_pga1,0,0,0,0,0,0,0,0,0,0,0
data,910944,146,3,20000,42,3532,353225,8931,raw_ad5933_range4_pga1,0,0,0,0,0,0,0,0,0,0,0
data,911077,146,4,25000,-293,3600,361190,9465,raw_ad5933_range4_pga1,0,0,0,0,0,0,0,0,0,0,0
data,911212,146,5,30000,-609,3626,367679,9953,raw_ad5933_range4_pga1,0,0,0,0,0,0,0,0,0,0,0
data,911348,146,6,35000,-893,3585,369455,10398,raw_ad5933_range4_pga1,0,0,0,0,0,0,0,0,0,0,0
data,911485,146,7,40000,-1151,3529,371196,10806,raw_ad5933_range4_pga1,0,0,0,0,0,0,0,0,0,0,0
data,911622,146,8,45000,-1392,3455,372487,11194,raw_ad5933_range4_pga1,0,0,0,0,0,0,0,0,0,0,0
data,911760,146,9,50000,-1627,3355,372869,11587,raw_ad5933_range4_pga1,0,0,0,0,0,0,0,0,0,0,0
data,911898,146,10,55000,-1836,3251,373362,11945,raw_ad5933_range4_pga1,0,0,0,0,0,0,0,0,0,0,0
data,912037,146,11,60000,-2045,3135,374303,12311,raw_ad5933_range4_pga1,0,0,0,0,0,0,0,0,0,0,0
data,912176,146,12,65000,-2232,3003,374164,12662,raw_ad5933_range4_pga1,0,0,0,0,0,0,0,0,0,0,0
data,912315,146,13,70000,-2410,2850,373237,13021,raw_ad5933_range4_pga1,0,0,0,0,0,0,0,0,0,0,0
data,912454,146,14,75000,-2586,2710,374586,13365,raw_ad5933_range4_pga1,0,0,0,0,0,0,0,0,0,0,0
data,912593,146,15,80000,-2727,2548,373214,13694,raw_ad5933_range4_pga1,0,0,0,0,0,0,0,0,0,0,0
data,912732,146,16,85000,-2870,2384,373100,14028,raw_ad5933_range4_pga1,0,0,0,0,0,0,0,0,0,0,0
data,912871,146,17,90000,-3004,2208,372817,14368,raw_ad5933_range4_pga1,0,0,0,0,0,0,0,0,0,0,0
data,913010,146,18,95000,-3124,2029,372508,14699,raw_ad5933_range4_pga1,0,0,0,0,0,0,0,0,0,0,0
data,913149,146,19,100000,-3220,1834,370567,15033,raw_ad5933_range4_pga1,0,0,0,0,0,0,0,0,0,0,0
status,913267,146,0,0,0,0,0,0,sweep_end,0,0,0,0,0,0,0,0,0,0,0
status,916344,0,0,0,0,0,0,0,i2c_pc8_pc9_scan_start
status,916507,0,0,0,0,0,0,0,i2c_pc8_pc9_found_0x68
status,916582,0,0,0,0,0,0,0,i2c_pc8_pc9_scan_end_count_1
imu,916666,0,0,0,0,0,0,0,imu_sample,0x68,0x68,-2540,5860,9316,-350,22,421,-1648,0x00,0
status,916766,147,0,0,0,0,0,0,sweep_start_5k_to_100k,0,0,0,0,0,0,0,0,0,0,0
data,916938,147,0,5000,879,2151,232367,6777,raw_ad5933_range4_pga1,0,0,0,0,0,0,0,0,0,0,0
data,917071,147,1,10000,797,2924,303067,7475,raw_ad5933_range4_pga1,0,0,0,0,0,0,0,0,0,0,0
data,917205,147,2,15000,437,3337,336549,8253,raw_ad5933_range4_pga1,0,0,0,0,0,0,0,0,0,0,0
data,917340,147,3,20000,46,3535,353530,8925,raw_ad5933_range4_pga1,0,0,0,0,0,0,0,0,0,0,0
data,917473,147,4,25000,-296,3596,360816,9470,raw_ad5933_range4_pga1,0,0,0,0,0,0,0,0,0,0,0
data,917608,147,5,30000,-606,3614,366446,9951,raw_ad5933_range4_pga1,0,0,0,0,0,0,0,0,0,0,0
data,917744,147,6,35000,-893,3579,368872,10400,raw_ad5933_range4_pga1,0,0,0,0,0,0,0,0,0,0,0
data,917881,147,7,40000,-1149,3512,369518,10811,raw_ad5933_range4_pga1,0,0,0,0,0,0,0,0,0,0,0
data,918018,147,8,45000,-1398,3439,371229,11212,raw_ad5933_range4_pga1,0,0,0,0,0,0,0,0,0,0,0
data,918156,147,9,50000,-1625,3363,373502,11578,raw_ad5933_range4_pga1,0,0,0,0,0,0,0,0,0,0,0
data,918294,147,10,55000,-1840,3256,373994,11947,raw_ad5933_range4_pga1,0,0,0,0,0,0,0,0,0,0,0
data,918433,147,11,60000,-2040,3135,374030,12305,raw_ad5933_range4_pga1,0,0,0,0,0,0,0,0,0,0,0
data,918572,147,12,65000,-2236,3011,375044,12659,raw_ad5933_range4_pga1,0,0,0,0,0,0,0,0,0,0,0
data,918711,147,13,70000,-2406,2865,374126,13002,raw_ad5933_range4_pga1,0,0,0,0,0,0,0,0,0,0,0
data,918850,147,14,75000,-2576,2709,373824,13355,raw_ad5933_range4_pga1,0,0,0,0,0,0,0,0,0,0,0
data,918989,147,15,80000,-2728,2550,373423,13693,raw_ad5933_range4_pga1,0,0,0,0,0,0,0,0,0,0,0
data,919128,147,16,85000,-2873,2384,373331,14031,raw_ad5933_range4_pga1,0,0,0,0,0,0,0,0,0,0,0
data,919267,147,17,90000,-3001,2207,372516,14366,raw_ad5933_range4_pga1,0,0,0,0,0,0,0,0,0,0,0
data,919406,147,18,95000,-3137,2034,373871,14704,raw_ad5933_range4_pga1,0,0,0,0,0,0,0,0,0,0,0
data,919545,147,19,100000,-3220,1855,371610,15005,raw_ad5933_range4_pga1,0,0,0,0,0,0,0,0,0,0,0
status,919663,147,0,0,0,0,0,0,sweep_end,0,0,0,0,0,0,0,0,0,0,0
status,922740,0,0,0,0,0,0,0,i2c_pc8_pc9_scan_start
status,922903,0,0,0,0,0,0,0,i2c_pc8_pc9_found_0x68
status,922978,0,0,0,0,0,0,0,i2c_pc8_pc9_scan_end_count_1
imu,923062,0,0,0,0,0,0,0,imu_sample,0x68,0x68,-2416,5796,9412,-391,13,408,-1648,0x00,0
status,923162,148,0,0,0,0,0,0,sweep_start_5k_to_100k,0,0,0,0,0,0,0,0,0,0,0
data,923334,148,0,5000,883,2156,232981,6772,raw_ad5933_range4_pga1,0,0,0,0,0,0,0,0,0,0,0
data,923467,148,1,10000,803,2941,304865,7472,raw_ad5933_range4_pga1,0,0,0,0,0,0,0,0,0,0,0
data,923601,148,2,15000,433,3334,336200,8260,raw_ad5933_range4_pga1,0,0,0,0,0,0,0,0,0,0,0
data,923736,148,3,20000,49,3534,353434,8920,raw_ad5933_range4_pga1,0,0,0,0,0,0,0,0,0,0,0
data,923869,148,4,25000,-295,3597,360908,9468,raw_ad5933_range4_pga1,0,0,0,0,0,0,0,0,0,0,0
data,924004,148,5,30000,-604,3611,366117,9949,raw_ad5933_range4_pga1,0,0,0,0,0,0,0,0,0,0,0
data,924140,148,6,35000,-891,3579,368824,10397,raw_ad5933_range4_pga1,0,0,0,0,0,0,0,0,0,0,0
data,924277,148,7,40000,-1151,3529,371196,10806,raw_ad5933_range4_pga1,0,0,0,0,0,0,0,0,0,0,0
data,924414,148,8,45000,-1399,3455,372750,11204,raw_ad5933_range4_pga1,0,0,0,0,0,0,0,0,0,0,0
data,924552,148,9,50000,-1621,3352,372338,11580,raw_ad5933_range4_pga1,0,0,0,0,0,0,0,0,0,0,0
data,924690,148,10,55000,-1839,3264,374641,11939,raw_ad5933_range4_pga1,0,0,0,0,0,0,0,0,0,0,0
data,924829,148,11,60000,-2036,3128,373225,12305,raw_ad5933_range4_pga1,0,0,0,0,0,0,0,0,0,0,0
data,924968,148,12,65000,-2229,3000,373744,12661,raw_ad5933_range4_pga1,0,0,0,0,0,0,0,0,0,0,0
data,925107,148,13,70000,-2410,2861,374078,13010,raw_ad5933_range4_pga1,0,0,0,0,0,0,0,0,0,0,0
data,925246,148,14,75000,-2574,2709,373686,13353,raw_ad5933_range4_pga1,0,0,0,0,0,0,0,0,0,0,0
data,925385,148,15,80000,-2724,2555,373473,13683,raw_ad5933_range4_pga1,0,0,0,0,0,0,0,0,0,0,0
data,925524,148,16,85000,-2870,2382,372972,14030,raw_ad5933_range4_pga1,0,0,0,0,0,0,0,0,0,0,0
data,925663,148,17,90000,-3005,2209,372957,14368,raw_ad5933_range4_pga1,0,0,0,0,0,0,0,0,0,0,0
data,925802,148,18,95000,-3126,2034,372948,14694,raw_ad5933_range4_pga1,0,0,0,0,0,0,0,0,0,0,0
data,925941,148,19,100000,-3226,1844,371583,15024,raw_ad5933_range4_pga1,0,0,0,0,0,0,0,0,0,0,0
status,926059,148,0,0,0,0,0,0,sweep_end,0,0,0,0,0,0,0,0,0,0,0
status,929136,0,0,0,0,0,0,0,i2c_pc8_pc9_scan_start
status,929299,0,0,0,0,0,0,0,i2c_pc8_pc9_found_0x68
status,929374,0,0,0,0,0,0,0,i2c_pc8_pc9_scan_end_count_1
imu,929458,0,0,0,0,0,0,0,imu_sample,0x68,0x68,-2372,5824,9376,-365,19,394,-1632,0x00,0
status,929558,149,0,0,0,0,0,0,sweep_start_5k_to_100k,0,0,0,0,0,0,0,0,0,0,0
data,929730,149,0,5000,882,2149,232296,6768,raw_ad5933_range4_pga1,0,0,0,0,0,0,0,0,0,0,0
data,929863,149,1,10000,805,2925,303375,7461,raw_ad5933_range4_pga1,0,0,0,0,0,0,0,0,0,0,0
data,929997,149,2,15000,434,3332,336015,8257,raw_ad5933_range4_pga1,0,0,0,0,0,0,0,0,0,0,0
data,930132,149,3,20000,46,3532,353230,8925,raw_ad5933_range4_pga1,0,0,0,0,0,0,0,0,0,0,0
data,930265,149,4,25000,-297,3596,360824,9472,raw_ad5933_range4_pga1,0,0,0,0,0,0,0,0,0,0,0
data,930401,149,5,30000,-607,3601,365180,9956,raw_ad5933_range4_pga1,0,0,0,0,0,0,0,0,0,0,0
data,930536,149,6,35000,-895,3581,369115,10403,raw_ad5933_range4_pga1,0,0,0,0,0,0,0,0,0,0,0
data,930673,149,7,40000,-1152,3530,371322,10807,raw_ad5933_range4_pga1,0,0,0,0,0,0,0,0,0,0,0
data,930811,149,8,45000,-1404,3456,373030,11210,raw_ad5933_range4_pga1,0,0,0,0,0,0,0,0,0,0,0
data,930948,149,9,50000,-1624,3370,374089,11572,raw_ad5933_range4_pga1,0,0,0,0,0,0,0,0,0,0,0
data,931086,149,10,55000,-1841,3254,373869,11949,raw_ad5933_range4_pga1,0,0,0,0,0,0,0,0,0,0,0
data,931225,149,11,60000,-2043,3132,373942,12311,raw_ad5933_range4_pga1,0,0,0,0,0,0,0,0,0,0,0
data,931364,149,12,65000,-2232,3006,374404,12659,raw_ad5933_range4_pga1,0,0,0,0,0,0,0,0,0,0,0
data,931503,149,13,70000,-2408,2867,374408,13002,raw_ad5933_range4_pga1,0,0,0,0,0,0,0,0,0,0,0
data,931642,149,14,75000,-2575,2706,373538,13357,raw_ad5933_range4_pga1,0,0,0,0,0,0,0,0,0,0,0
data,931781,149,15,80000,-2723,2547,372853,13691,raw_ad5933_range4_pga1,0,0,0,0,0,0,0,0,0,0,0
data,931920,149,16,85000,-2870,2381,372908,14032,raw_ad5933_range4_pga1,0,0,0,0,0,0,0,0,0,0,0
data,932059,149,17,90000,-3001,2209,372635,14364,raw_ad5933_range4_pga1,0,0,0,0,0,0,0,0,0,0,0
data,932198,149,18,95000,-3124,2027,372399,14702,raw_ad5933_range4_pga1,0,0,0,0,0,0,0,0,0,0,0
data,932337,149,19,100000,-3222,1843,371186,15023,raw_ad5933_range4_pga1,0,0,0,0,0,0,0,0,0,0,0
status,932455,149,0,0,0,0,0,0,sweep_end,0,0,0,0,0,0,0,0,0,0,0
status,935532,0,0,0,0,0,0,0,i2c_pc8_pc9_scan_start
status,935695,0,0,0,0,0,0,0,i2c_pc8_pc9_found_0x68
status,935770,0,0,0,0,0,0,0,i2c_pc8_pc9_scan_end_count_1
imu,935854,0,0,0,0,0,0,0,imu_sample,0x68,0x68,-2440,5864,9312,-365,23,426,-1632,0x00,0
status,935954,150,0,0,0,0,0,0,sweep_start_5k_to_100k,0,0,0,0,0,0,0,0,0,0,0
data,936126,150,0,5000,874,2148,231900,6785,raw_ad5933_range4_pga1,0,0,0,0,0,0,0,0,0,0,0
data,936259,150,1,10000,799,2925,303217,7472,raw_ad5933_range4_pga1,0,0,0,0,0,0,0,0,0,0,0
data,936393,150,2,15000,435,3331,335928,8255,raw_ad5933_range4_pga1,0,0,0,0,0,0,0,0,0,0,0
data,936528,150,3,20000,46,3530,353030,8925,raw_ad5933_range4_pga1,0,0,0,0,0,0,0,0,0,0,0
data,936661,150,4,25000,-303,3602,361472,9480,raw_ad5933_range4_pga1,0,0,0,0,0,0,0,0,0,0,0
data,936796,150,5,30000,-609,3613,366397,9956,raw_ad5933_range4_pga1,0,0,0,0,0,0,0,0,0,0,0
data,936932,150,6,35000,-890,3586,369479,10393,raw_ad5933_range4_pga1,0,0,0,0,0,0,0,0,0,0,0
data,937069,150,7,40000,-1154,3537,372050,10806,raw_ad5933_range4_pga1,0,0,0,0,0,0,0,0,0,0,0
data,937206,150,8,45000,-1395,3450,372136,11201,raw_ad5933_range4_pga1,0,0,0,0,0,0,0,0,0,0,0
data,937344,150,9,50000,-1620,3360,373015,11574,raw_ad5933_range4_pga1,0,0,0,0,0,0,0,0,0,0,0
data,937482,150,10,55000,-1827,3254,373182,11931,raw_ad5933_range4_pga1,0,0,0,0,0,0,0,0,0,0,0
data,937621,150,11,60000,-2028,3141,373881,12284,raw_ad5933_range4_pga1,0,0,0,0,0,0,0,0,0,0,0
data,937760,150,12,65000,-2229,3005,374145,12656,raw_ad5933_range4_pga1,0,0,0,0,0,0,0,0,0,0,0
data,937899,150,13,70000,-2405,2862,373832,13004,raw_ad5933_range4_pga1,0,0,0,0,0,0,0,0,0,0,0
data,938038,150,14,75000,-2573,2712,373835,13349,raw_ad5933_range4_pga1,0,0,0,0,0,0,0,0,0,0,0
data,938177,150,15,80000,-2727,2550,373350,13692,raw_ad5933_range4_pga1,0,0,0,0,0,0,0,0,0,0,0
data,938316,150,16,85000,-2871,2382,373049,14031,raw_ad5933_range4_pga1,0,0,0,0,0,0,0,0,0,0,0
data,938455,150,17,90000,-3009,2214,373576,14365,raw_ad5933_range4_pga1,0,0,0,0,0,0,0,0,0,0,0
data,938594,150,18,95000,-3122,2025,372122,14703,raw_ad5933_range4_pga1,0,0,0,0,0,0,0,0,0,0,0
data,938733,150,19,100000,-3230,1847,372079,15023,raw_ad5933_range4_pga1,0,0,0,0,0,0,0,0,0,0,0
status,938851,150,0,0,0,0,0,0,sweep_end,0,0,0,0,0,0,0,0,0,0,0
status,941928,0,0,0,0,0,0,0,i2c_pc8_pc9_scan_start
status,942091,0,0,0,0,0,0,0,i2c_pc8_pc9_found_0x68
status,942166,0,0,0,0,0,0,0,i2c_pc8_pc9_scan_end_count_1
imu,942250,0,0,0,0,0,0,0,imu_sample,0x68,0x68,-2356,5796,9444,-360,21,407,-1632,0x00,0
status,942350,151,0,0,0,0,0,0,sweep_start_5k_to_100k,0,0,0,0,0,0,0,0,0,0,0
data,942522,151,0,5000,861,2151,231692,6818,raw_ad5933_range4_pga1,0,0,0,0,0,0,0,0,0,0,0
data,942655,151,1,10000,798,2927,303383,7474,raw_ad5933_range4_pga1,0,0,0,0,0,0,0,0,0,0,0
data,942789,151,2,15000,439,3330,335881,8248,raw_ad5933_range4_pga1,0,0,0,0,0,0,0,0,0,0,0
data,942924,151,3,20000,51,3532,353237,8917,raw_ad5933_range4_pga1,0,0,0,0,0,0,0,0,0,0,0
data,943057,151,4,25000,-296,3598,361016,9470,raw_ad5933_range4_pga1,0,0,0,0,0,0,0,0,0,0,0
data,943192,151,5,30000,-600,3612,366150,9943,raw_ad5933_range4_pga1,0,0,0,0,0,0,0,0,0,0,0
data,943328,151,6,35000,-894,3577,368703,10403,raw_ad5933_range4_pga1,0,0,0,0,0,0,0,0,0,0,0
data,943465,151,7,40000,-1151,3525,370816,10808,raw_ad5933_range4_pga1,0,0,0,0,0,0,0,0,0,0,0
data,943602,151,8,45000,-1392,3465,373415,11188,raw_ad5933_range4_pga1,0,0,0,0,0,0,0,0,0,0,0
data,943740,151,9,50000,-1621,3357,372788,11577,raw_ad5933_range4_pga1,0,0,0,0,0,0,0,0,0,0,0
data,943878,151,10,55000,-1839,3258,374119,11944,raw_ad5933_range4_pga1,0,0,0,0,0,0,0,0,0,0,0
data,944017,151,11,60000,-2039,3129,373472,12309,raw_ad5933_range4_pga1,0,0,0,0,0,0,0,0,0,0,0
data,944156,151,12,65000,-2230,3001,373884,12661,raw_ad5933_range4_pga1,0,0,0,0,0,0,0,0,0,0,0
data,944295,151,13,70000,-2413,2855,373813,13020,raw_ad5933_range4_pga1,0,0,0,0,0,0,0,0,0,0,0
data,944434,151,14,75000,-2573,2719,374343,13341,raw_ad5933_range4_pga1,0,0,0,0,0,0,0,0,0,0,0
data,944573,151,15,80000,-2721,2558,373460,13676,raw_ad5933_range4_pga1,0,0,0,0,0,0,0,0,0,0,0
data,944712,151,16,85000,-2873,2383,373267,14032,raw_ad5933_range4_pga1,0,0,0,0,0,0,0,0,0,0,0
data,944851,151,17,90000,-2999,2212,372652,14358,raw_ad5933_range4_pga1,0,0,0,0,0,0,0,0,0,0,0
data,944990,151,18,95000,-3126,2030,372730,14700,raw_ad5933_range4_pga1,0,0,0,0,0,0,0,0,0,0,0
data,945129,151,19,100000,-3233,1841,372043,15034,raw_ad5933_range4_pga1,0,0,0,0,0,0,0,0,0,0,0
status,945247,151,0,0,0,0,0,0,sweep_end,0,0,0,0,0,0,0,0,0,0,0
status,948324,0,0,0,0,0,0,0,i2c_pc8_pc9_scan_start
status,948487,0,0,0,0,0,0,0,i2c_pc8_pc9_found_0x68
status,948562,0,0,0,0,0,0,0,i2c_pc8_pc9_scan_end_count_1
imu,948646,0,0,0,0,0,0,0,imu_sample,0x68,0x68,-2348,5860,9476,-371,12,445,-1648,0x00,0
status,948746,152,0,0,0,0,0,0,sweep_start_5k_to_100k,0,0,0,0,0,0,0,0,0,0,0
data,948918,152,0,5000,878,2153,232514,6781,raw_ad5933_range4_pga1,0,0,0,0,0,0,0,0,0,0,0
data,949051,152,1,10000,798,2928,303480,7475,raw_ad5933_range4_pga1,0,0,0,0,0,0,0,0,0,0,0
data,949185,152,2,15000,433,3330,335803,8259,raw_ad5933_range4_pga1,0,0,0,0,0,0,0,0,0,0,0
data,949320,152,3,20000,46,3533,353330,8925,raw_ad5933_range4_pga1,0,0,0,0,0,0,0,0,0,0,0
data,949453,152,4,25000,-299,3601,361339,9474,raw_ad5933_range4_pga1,0,0,0,0,0,0,0,0,0,0,0
data,949588,152,5,30000,-612,3607,365855,9962,raw_ad5933_range4_pga1,0,0,0,0,0,0,0,0,0,0,0
data,949724,152,6,35000,-892,3586,369528,10396,raw_ad5933_range4_pga1,0,0,0,0,0,0,0,0,0,0,0
data,949861,152,7,40000,-1143,3529,370949,10794,raw_ad5933_range4_pga1,0,0,0,0,0,0,0,0,0,0,0
data,949998,152,8,45000,-1398,3456,372805,11202,raw_ad5933_range4_pga1,0,0,0,0,0,0,0,0,0,0,0
data,950136,152,9,50000,-1626,3363,373546,11580,raw_ad5933_range4_pga1,0,0,0,0,0,0,0,0,0,0,0
data,950274,152,10,55000,-1841,3254,373869,11949,raw_ad5933_range4_pga1,0,0,0,0,0,0,0,0,0,0,0
data,950413,152,11,60000,-2046,3127,373688,12319,raw_ad5933_range4_pga1,0,0,0,0,0,0,0,0,0,0,0
data,950552,152,12,65000,-2221,2998,373107,12653,raw_ad5933_range4_pga1,0,0,0,0,0,0,0,0,0,0,0
data,950691,152,13,70000,-2413,2869,374883,13006,raw_ad5933_range4_pga1,0,0,0,0,0,0,0,0,0,0,0
data,950830,152,14,75000,-2572,2713,373839,13347,raw_ad5933_range4_pga1,0,0,0,0,0,0,0,0,0,0,0
data,950969,152,15,80000,-2725,2552,373341,13687,raw_ad5933_range4_pga1,0,0,0,0,0,0,0,0,0,0,0
data,951108,152,16,85000,-2871,2383,373113,14030,raw_ad5933_range4_pga1,0,0,0,0,0,0,0,0,0,0,0
data,951247,152,17,90000,-3004,2210,372936,14365,raw_ad5933_range4_pga1,0,0,0,0,0,0,0,0,0,0,0
data,951386,152,18,95000,-3122,2024,372068,14704,raw_ad5933_range4_pga1,0,0,0,0,0,0,0,0,0,0,0
data,951525,152,19,100000,-3235,1835,371920,15043,raw_ad5933_range4_pga1,0,0,0,0,0,0,0,0,0,0,0
status,951643,152,0,0,0,0,0,0,sweep_end,0,0,0,0,0,0,0,0,0,0,0
status,954720,0,0,0,0,0,0,0,i2c_pc8_pc9_scan_start
status,954883,0,0,0,0,0,0,0,i2c_pc8_pc9_found_0x68
status,954958,0,0,0,0,0,0,0,i2c_pc8_pc9_scan_end_count_1
imu,955042,0,0,0,0,0,0,0,imu_sample,0x68,0x68,-2376,5856,9384,-353,-1,436,-1632,0x00,0
status,955142,153,0,0,0,0,0,0,sweep_start_5k_to_100k,0,0,0,0,0,0,0,0,0,0,0
data,955314,153,0,5000,876,2152,232346,6785,raw_ad5933_range4_pga1,0,0,0,0,0,0,0,0,0,0,0
data,955447,153,1,10000,791,2932,303682,7490,raw_ad5933_range4_pga1,0,0,0,0,0,0,0,0,0,0,0
data,955581,153,2,15000,431,3333,336075,8263,raw_ad5933_range4_pga1,0,0,0,0,0,0,0,0,0,0,0
data,955716,153,3,20000,42,3527,352725,8931,raw_ad5933_range4_pga1,0,0,0,0,0,0,0,0,0,0,0
data,955849,153,4,25000,-295,3598,361007,9468,raw_ad5933_range4_pga1,0,0,0,0,0,0,0,0,0,0,0
data,955985,153,5,30000,-605,3615,366528,9950,raw_ad5933_range4_pga1,0,0,0,0,0,0,0,0,0,0,0
data,956120,153,6,35000,-896,3572,368266,10408,raw_ad5933_range4_pga1,0,0,0,0,0,0,0,0,0,0,0
data,956257,153,7,40000,-1154,3526,371004,10812,raw_ad5933_range4_pga1,0,0,0,0,0,0,0,0,0,0,0
data,956395,153,8,45000,-1393,3453,372339,11197,raw_ad5933_range4_pga1,0,0,0,0,0,0,0,0,0,0,0
data,956532,153,9,50000,-1625,3359,373142,11581,raw_ad5933_range4_pga1,0,0,0,0,0,0,0,0,0,0,0
data,956670,153,10,55000,-1835,3247,372964,11947,raw_ad5933_range4_pga1,0,0,0,0,0,0,0,0,0,0,0
data,956809,153,11,60000,-2041,3130,373665,12310,raw_ad5933_range4_pga1,0,0,0,0,0,0,0,0,0,0,0
data,956948,153,12,65000,-2225,2998,373345,12658,raw_ad5933_range4_pga1,0,0,0,0,0,0,0,0,0,0,0
data,957087,153,13,70000,-2407,2866,374267,13002,raw_ad5933_range4_pga1,0,0,0,0,0,0,0,0,0,0,0
data,957226,153,14,75000,-2577,2707,373748,13359,raw_ad5933_range4_pga1,0,0,0,0,0,0,0,0,0,0,0
data,957365,153,15,80000,-2727,2553,373555,13688,raw_ad5933_range4_pga1,0,0,0,0,0,0,0,0,0,0,0
data,957504,153,16,85000,-2877,2384,373639,14035,raw_ad5933_range4_pga1,0,0,0,0,0,0,0,0,0,0,0
data,957643,153,17,90000,-3007,2214,373415,14363,raw_ad5933_range4_pga1,0,0,0,0,0,0,0,0,0,0,0
data,957782,153,18,95000,-3131,2029,373095,14705,raw_ad5933_range4_pga1,0,0,0,0,0,0,0,0,0,0,0
data,957921,153,19,100000,-3228,1843,371707,15027,raw_ad5933_range4_pga1,0,0,0,0,0,0,0,0,0,0,0
status,958039,153,0,0,0,0,0,0,sweep_end,0,0,0,0,0,0,0,0,0,0,0
status,961116,0,0,0,0,0,0,0,i2c_pc8_pc9_scan_start
status,961279,0,0,0,0,0,0,0,i2c_pc8_pc9_found_0x68
status,961354,0,0,0,0,0,0,0,i2c_pc8_pc9_scan_end_count_1
imu,961438,0,0,0,0,0,0,0,imu_sample,0x68,0x68,-2396,5796,9484,-372,12,411,-1632,0x00,0
status,961538,154,0,0,0,0,0,0,sweep_start_5k_to_100k,0,0,0,0,0,0,0,0,0,0,0
data,961710,154,0,5000,876,2149,232068,6782,raw_ad5933_range4_pga1,0,0,0,0,0,0,0,0,0,0,0
data,961843,154,1,10000,805,2921,302990,7459,raw_ad5933_range4_pga1,0,0,0,0,0,0,0,0,0,0,0
data,961977,154,2,15000,428,3332,335938,8268,raw_ad5933_range4_pga1,0,0,0,0,0,0,0,0,0,0,0
data,962112,154,3,20000,55,3525,352543,8910,raw_ad5933_range4_pga1,0,0,0,0,0,0,0,0,0,0,0
data,962245,154,4,25000,-295,3597,360908,9468,raw_ad5933_range4_pga1,0,0,0,0,0,0,0,0,0,0,0
data,962381,154,5,30000,-610,3611,366216,9958,raw_ad5933_range4_pga1,0,0,0,0,0,0,0,0,0,0,0
data,962516,154,6,35000,-892,3574,368363,10401,raw_ad5933_range4_pga1,0,0,0,0,0,0,0,0,0,0,0
data,962653,154,7,40000,-1150,3528,371070,10805,raw_ad5933_range4_pga1,0,0,0,0,0,0,0,0,0,0,0
data,962791,154,8,45000,-1392,3458,372766,11192,raw_ad5933_range4_pga1,0,0,0,0,0,0,0,0,0,0,0
data,962928,154,9,50000,-1624,3360,373189,11579,raw_ad5933_range4_pga1,0,0,0,0,0,0,0,0,0,0,0
data,963066,154,10,55000,-1847,3262,374861,11951,raw_ad5933_range4_pga1,0,0,0,0,0,0,0,0,0,0,0
data,963205,154,11,60000,-2036,3121,372638,12311,raw_ad5933_range4_pga1,0,0,0,0,0,0,0,0,0,0,0
data,963344,154,12,65000,-2232,3003,374164,12662,raw_ad5933_range4_pga1,0,0,0,0,0,0,0,0,0,0,0
data,963483,154,13,70000,-2403,2856,373244,13007,raw_ad5933_range4_pga1,0,0,0,0,0,0,0,0,0,0,0
data,963622,154,14,75000,-2576,2707,373679,13357,raw_ad5933_range4_pga1,0,0,0,0,0,0,0,0,0,0,0
data,963761,154,15,80000,-2726,2551,373345,13689,raw_ad5933_range4_pga1,0,0,0,0,0,0,0,0,0,0,0
data,963900,154,16,85000,-2874,2384,373408,14032,raw_ad5933_range4_pga1,0,0,0,0,0,0,0,0,0,0,0
data,964039,154,17,90000,-3005,2211,373076,14365,raw_ad5933_range4_pga1,0,0,0,0,0,0,0,0,0,0,0
data,964178,154,18,95000,-3117,2026,371758,14697,raw_ad5933_range4_pga1,0,0,0,0,0,0,0,0,0,0,0
data,964317,154,19,100000,-3229,1845,371893,15025,raw_ad5933_range4_pga1,0,0,0,0,0,0,0,0,0,0,0
status,964435,154,0,0,0,0,0,0,sweep_end,0,0,0,0,0,0,0,0,0,0,0
status,967512,0,0,0,0,0,0,0,i2c_pc8_pc9_scan_start
status,967675,0,0,0,0,0,0,0,i2c_pc8_pc9_found_0x68
status,967750,0,0,0,0,0,0,0,i2c_pc8_pc9_scan_end_count_1
imu,967834,0,0,0,0,0,0,0,imu_sample,0x68,0x68,-2372,5916,9532,-375,7,434,-1616,0x00,0
status,967933,155,0,0,0,0,0,0,sweep_start_5k_to_100k,0,0,0,0,0,0,0,0,0,0,0
data,968105,155,0,5000,876,2149,232068,6782,raw_ad5933_range4_pga1,0,0,0,0,0,0,0,0,0,0,0
data,968238,155,1,10000,796,2923,302945,7476,raw_ad5933_range4_pga1,0,0,0,0,0,0,0,0,0,0,0
data,968372,155,2,15000,431,3338,336571,8264,raw_ad5933_range4_pga1,0,0,0,0,0,0,0,0,0,0,0
data,968507,155,3,20000,43,3540,354026,8930,raw_ad5933_range4_pga1,0,0,0,0,0,0,0,0,0,0,0
data,968640,155,4,25000,-297,3602,361422,9471,raw_ad5933_range4_pga1,0,0,0,0,0,0,0,0,0,0,0
data,968776,155,5,30000,-607,3613,366363,9953,raw_ad5933_range4_pga1,0,0,0,0,0,0,0,0,0,0,0
data,968911,155,6,35000,-884,3590,369724,10383,raw_ad5933_range4_pga1,0,0,0,0,0,0,0,0,0,0,0
data,969048,155,7,40000,-1154,3525,370909,10812,raw_ad5933_range4_pga1,0,0,0,0,0,0,0,0,0,0,0
data,969186,155,8,45000,-1394,3450,372099,11200,raw_ad5933_range4_pga1,0,0,0,0,0,0,0,0,0,0,0
data,969323,155,9,50000,-1620,3356,372654,11576,raw_ad5933_range4_pga1,0,0,0,0,0,0,0,0,0,0,0
data,969461,155,10,55000,-1826,3251,372871,11932,raw_ad5933_range4_pga1,0,0,0,0,0,0,0,0,0,0,0
data,969600,155,11,60000,-2034,3139,374038,12294,raw_ad5933_range4_pga1,0,0,0,0,0,0,0,0,0,0,0
data,969739,155,12,65000,-2232,3004,374244,12661,raw_ad5933_range4_pga1,0,0,0,0,0,0,0,0,0,0,0
data,969878,155,13,70000,-2405,2859,373603,13007,raw_ad5933_range4_pga1,0,0,0,0,0,0,0,0,0,0,0
data,970017,155,14,75000,-2575,2711,373900,13352,raw_ad5933_range4_pga1,0,0,0,0,0,0,0,0,0,0,0
data,970156,155,15,80000,-2735,2559,374549,13690,raw_ad5933_range4_pga1,0,0,0,0,0,0,0,0,0,0,0
data,970295,155,16,85000,-2874,2387,373599,14028,raw_ad5933_range4_pga1,0,0,0,0,0,0,0,0,0,0,0
data,970434,155,17,90000,-2992,2208,371851,14357,raw_ad5933_range4_pga1,0,0,0,0,0,0,0,0,0,0,0
data,970573,155,18,95000,-3123,2028,372370,14700,raw_ad5933_range4_pga1,0,0,0,0,0,0,0,0,0,0,0
data,970712,155,19,100000,-3226,1844,371583,15024,raw_ad5933_range4_pga1,0,0,0,0,0,0,0,0,0,0,0
status,970830,155,0,0,0,0,0,0,sweep_end,0,0,0,0,0,0,0,0,0,0,0
status,973907,0,0,0,0,0,0,0,i2c_pc8_pc9_scan_start
status,974070,0,0,0,0,0,0,0,i2c_pc8_pc9_found_0x68
status,974145,0,0,0,0,0,0,0,i2c_pc8_pc9_scan_end_count_1
imu,974229,0,0,0,0,0,0,0,imu_sample,0x68,0x68,-2412,5880,9456,-358,8,413,-1632,0x00,0
status,974328,156,0,0,0,0,0,0,sweep_start_5k_to_100k,0,0,0,0,0,0,0,0,0,0,0
data,974500,156,0,5000,877,2152,232384,6782,raw_ad5933_range4_pga1,0,0,0,0,0,0,0,0,0,0,0
data,974633,156,1,10000,802,2926,303392,7467,raw_ad5933_range4_pga1,0,0,0,0,0,0,0,0,0,0,0
data,974767,156,2,15000,430,3334,336162,8265,raw_ad5933_range4_pga1,0,0,0,0,0,0,0,0,0,0,0
data,974902,156,3,20000,53,3527,352740,8913,raw_ad5933_range4_pga1,0,0,0,0,0,0,0,0,0,0,0
data,975035,156,4,25000,-292,3600,361182,9463,raw_ad5933_range4_pga1,0,0,0,0,0,0,0,0,0,0,0
data,975171,156,5,30000,-601,3616,366560,9943,raw_ad5933_range4_pga1,0,0,0,0,0,0,0,0,0,0,0
data,975306,156,6,35000,-889,3578,368679,10395,raw_ad5933_range4_pga1,0,0,0,0,0,0,0,0,0,0,0
data,975443,156,7,40000,-1149,3525,370754,10805,raw_ad5933_range4_pga1,0,0,0,0,0,0,0,0,0,0,0
data,975581,156,8,45000,-1394,3454,372469,11197,raw_ad5933_range4_pga1,0,0,0,0,0,0,0,0,0,0,0
data,975718,156,9,50000,-1632,3359,373448,11591,raw_ad5933_range4_pga1,0,0,0,0,0,0,0,0,0,0,0
data,975856,156,10,55000,-1839,3256,373945,11945,raw_ad5933_range4_pga1,0,0,0,0,0,0,0,0,0,0,0
data,975995,156,11,60000,-2043,3137,374361,12307,raw_ad5933_range4_pga1,0,0,0,0,0,0,0,0,0,0,0
data,976134,156,12,65000,-2236,3001,374242,12668,raw_ad5933_range4_pga1,0,0,0,0,0,0,0,0,0,0,0
data,976273,156,13,70000,-2402,2866,373946,12996,raw_ad5933_range4_pga1,0,0,0,0,0,0,0,0,0,0,0
data,976412,156,14,75000,-2574,2710,373759,13352,raw_ad5933_range4_pga1,0,0,0,0,0,0,0,0,0,0,0
data,976551,156,15,80000,-2721,2547,372707,13689,raw_ad5933_range4_pga1,0,0,0,0,0,0,0,0,0,0,0
data,976690,156,16,85000,-2877,2395,374341,14022,raw_ad5933_range4_pga1,0,0,0,0,0,0,0,0,0,0,0
data,976829,156,17,90000,-3002,2205,372479,14370,raw_ad5933_range4_pga1,0,0,0,0,0,0,0,0,0,0,0
data,976968,156,18,95000,-3125,2025,372374,14705,raw_ad5933_range4_pga1,0,0,0,0,0,0,0,0,0,0,0
data,977107,156,19,100000,-3230,1849,372179,15021,raw_ad5933_range4_pga1,0,0,0,0,0,0,0,0,0,0,0
status,977225,156,0,0,0,0,0,0,sweep_end,0,0,0,0,0,0,0,0,0,0,0
status,980302,0,0,0,0,0,0,0,i2c_pc8_pc9_scan_start
status,980465,0,0,0,0,0,0,0,i2c_pc8_pc9_found_0x68
status,980540,0,0,0,0,0,0,0,i2c_pc8_pc9_scan_end_count_1
imu,980624,0,0,0,0,0,0,0,imu_sample,0x68,0x68,-2392,5876,9356,-371,20,421,-1632,0x00,0
status,980724,157,0,0,0,0,0,0,sweep_start_5k_to_100k,0,0,0,0,0,0,0,0,0,0,0
data,980896,157,0,5000,878,2144,231681,6773,raw_ad5933_range4_pga1,0,0,0,0,0,0,0,0,0,0,0
data,981029,157,1,10000,795,2930,303594,7481,raw_ad5933_range4_pga1,0,0,0,0,0,0,0,0,0,0,0
data,981163,157,2,15000,436,3326,335446,8253,raw_ad5933_range4_pga1,0,0,0,0,0,0,0,0,0,0,0
data,981298,157,3,20000,55,3530,353043,8910,raw_ad5933_range4_pga1,0,0,0,0,0,0,0,0,0,0,0
data,981431,157,4,25000,-296,3597,360916,9470,raw_ad5933_range4_pga1,0,0,0,0,0,0,0,0,0,0,0
data,981566,157,5,30000,-593,3599,364753,9935,raw_ad5933_range4_pga1,0,0,0,0,0,0,0,0,0,0,0
data,981702,157,6,35000,-891,3587,369600,10394,raw_ad5933_range4_pga1,0,0,0,0,0,0,0,0,0,0,0
data,981839,157,7,40000,-1151,3529,371196,10806,raw_ad5933_range4_pga1,0,0,0,0,0,0,0,0,0,0,0
data,981976,157,8,45000,-1399,3461,373306,11200,raw_ad5933_range4_pga1,0,0,0,0,0,0,0,0,0,0,0
data,982114,157,9,50000,-1625,3368,373953,11575,raw_ad5933_range4_pga1,0,0,0,0,0,0,0,0,0,0,0
data,982252,157,10,55000,-1832,3252,373252,11939,raw_ad5933_range4_pga1,0,0,0,0,0,0,0,0,0,0,0
data,982391,157,11,60000,-2041,3134,374001,12307,raw_ad5933_range4_pga1,0,0,0,0,0,0,0,0,0,0,0
data,982530,157,12,65000,-2228,3002,373845,12658,raw_ad5933_range4_pga1,0,0,0,0,0,0,0,0,0,0,0
data,982669,157,13,70000,-2405,2863,373909,13003,raw_ad5933_range4_pga1,0,0,0,0,0,0,0,0,0,0,0
data,982808,157,14,75000,-2578,2705,373672,13362,raw_ad5933_range4_pga1,0,0,0,0,0,0,0,0,0,0,0
data,982947,157,15,80000,-2729,2550,373496,13694,raw_ad5933_range4_pga1,0,0,0,0,0,0,0,0,0,0,0
data,983086,157,16,85000,-2866,2389,373112,14018,raw_ad5933_range4_pga1,0,0,0,0,0,0,0,0,0,0,0
data,983225,157,17,90000,-2999,2212,372652,14358,raw_ad5933_range4_pga1,0,0,0,0,0,0,0,0,0,0,0
data,983364,157,18,95000,-3121,2029,372256,14697,raw_ad5933_range4_pga1,0,0,0,0,0,0,0,0,0,0,0
data,983503,157,19,100000,-3228,1845,371807,15024,raw_ad5933_range4_pga1,0,0,0,0,0,0,0,0,0,0,0
status,983621,157,0,0,0,0,0,0,sweep_end,0,0,0,0,0,0,0,0,0,0,0
status,986698,0,0,0,0,0,0,0,i2c_pc8_pc9_scan_start
status,986861,0,0,0,0,0,0,0,i2c_pc8_pc9_found_0x68
status,986936,0,0,0,0,0,0,0,i2c_pc8_pc9_scan_end_count_1
imu,987020,0,0,0,0,0,0,0,imu_sample,0x68,0x68,-2380,5900,9644,-381,18,426,-1616,0x00,0
status,987120,158,0,0,0,0,0,0,sweep_start_5k_to_100k,0,0,0,0,0,0,0,0,0,0,0
data,987292,158,0,5000,873,2146,231677,6786,raw_ad5933_range4_pga1,0,0,0,0,0,0,0,0,0,0,0
data,987425,158,1,10000,800,2926,303339,7470,raw_ad5933_range4_pga1,0,0,0,0,0,0,0,0,0,0,0
data,987559,158,2,15000,432,3321,334898,8258,raw_ad5933_range4_pga1,0,0,0,0,0,0,0,0,0,0,0
data,987694,158,3,20000,47,3530,353031,8923,raw_ad5933_range4_pga1,0,0,0,0,0,0,0,0,0,0,0
data,987827,158,4,25000,-298,3597,360932,9473,raw_ad5933_range4_pga1,0,0,0,0,0,0,0,0,0,0,0
data,987962,158,5,30000,-612,3617,366841,9960,raw_ad5933_range4_pga1,0,0,0,0,0,0,0,0,0,0,0
data,988098,158,6,35000,-892,3581,369042,10398,raw_ad5933_range4_pga1,0,0,0,0,0,0,0,0,0,0,0
data,988235,158,7,40000,-1148,3527,370913,10802,raw_ad5933_range4_pga1,0,0,0,0,0,0,0,0,0,0,0
data,988372,158,8,45000,-1400,3462,373436,11201,raw_ad5933_range4_pga1,0,0,0,0,0,0,0,0,0,0,0
data,988510,158,9,50000,-1624,3360,373189,11579,raw_ad5933_range4_pga1,0,0,0,0,0,0,0,0,0,0,0
data,988648,158,10,55000,-1841,3254,373869,11949,raw_ad5933_range4_pga1,0,0,0,0,0,0,0,0,0,0,0
data,988787,158,11,60000,-2041,3132,373833,12309,raw_ad5933_range4_pga1,0,0,0,0,0,0,0,0,0,0,0
data,988926,158,12,65000,-2229,3001,373824,12660,raw_ad5933_range4_pga1,0,0,0,0,0,0,0,0,0,0,0
data,989065,158,13,70000,-2414,2872,375177,13004,raw_ad5933_range4_pga1,0,0,0,0,0,0,0,0,0,0,0
data,989204,158,14,75000,-2576,2703,373390,13362,raw_ad5933_range4_pga1,0,0,0,0,0,0,0,0,0,0,0
data,989343,158,15,80000,-2725,2549,373136,13691,raw_ad5933_range4_pga1,0,0,0,0,0,0,0,0,0,0,0
data,989482,158,16,85000,-2870,2380,372844,14033,raw_ad5933_range4_pga1,0,0,0,0,0,0,0,0,0,0,0
data,989621,158,17,90000,-3004,2208,372817,14368,raw_ad5933_range4_pga1,0,0,0,0,0,0,0,0,0,0,0
data,989760,158,18,95000,-3121,2032,372420,14693,raw_ad5933_range4_pga1,0,0,0,0,0,0,0,0,0,0,0
data,989899,158,19,100000,-3229,1844,371844,15027,raw_ad5933_range4_pga1,0,0,0,0,0,0,0,0,0,0,0
status,990017,158,0,0,0,0,0,0,sweep_end,0,0,0,0,0,0,0,0,0,0,0
status,993094,0,0,0,0,0,0,0,i2c_pc8_pc9_scan_start
status,993257,0,0,0,0,0,0,0,i2c_pc8_pc9_found_0x68
status,993332,0,0,0,0,0,0,0,i2c_pc8_pc9_scan_end_count_1
imu,993416,0,0,0,0,0,0,0,imu_sample,0x68,0x68,-2380,5796,9376,-332,20,396,-1632,0x00,0
status,993516,159,0,0,0,0,0,0,sweep_start_5k_to_100k,0,0,0,0,0,0,0,0,0,0,0
data,993688,159,0,5000,883,2160,233351,6776,raw_ad5933_range4_pga1,0,0,0,0,0,0,0,0,0,0,0
data,993821,159,1,10000,799,2926,303313,7472,raw_ad5933_range4_pga1,0,0,0,0,0,0,0,0,0,0,0
data,993955,159,2,15000,436,3342,337032,8256,raw_ad5933_range4_pga1,0,0,0,0,0,0,0,0,0,0,0
data,994090,159,3,20000,48,3527,352733,8922,raw_ad5933_range4_pga1,0,0,0,0,0,0,0,0,0,0,0
data,994223,159,4,25000,-287,3589,360046,9457,raw_ad5933_range4_pga1,0,0,0,0,0,0,0,0,0,0,0
data,994359,159,5,30000,-606,3612,366248,9952,raw_ad5933_range4_pga1,0,0,0,0,0,0,0,0,0,0,0
data,994494,159,6,35000,-891,3582,369115,10396,raw_ad5933_range4_pga1,0,0,0,0,0,0,0,0,0,0,0
data,994631,159,7,40000,-1154,3522,370624,10814,raw_ad5933_range4_pga1,0,0,0,0,0,0,0,0,0,0,0
data,994769,159,8,45000,-1395,3455,372600,11198,raw_ad5933_range4_pga1,0,0,0,0,0,0,0,0,0,0,0
data,994906,159,9,50000,-1622,3358,372922,11578,raw_ad5933_range4_pga1,0,0,0,0,0,0,0,0,0,0,0
data,995044,159,10,55000,-1843,3248,373445,11957,raw_ad5933_range4_pga1,0,0,0,0,0,0,0,0,0,0,0
data,995183,159,11,60000,-2042,3136,374223,12307,raw_ad5933_range4_pga1,0,0,0,0,0,0,0,0,0,0,0
data,995322,159,12,65000,-2226,2999,373485,12658,raw_ad5933_range4_pga1,0,0,0,0,0,0,0,0,0,0,0
data,995461,159,13,70000,-2409,2858,373784,13012,raw_ad5933_range4_pga1,0,0,0,0,0,0,0,0,0,0,0
data,995600,159,14,75000,-2574,2707,373542,13355,raw_ad5933_range4_pga1,0,0,0,0,0,0,0,0,0,0,0
data,995739,159,15,80000,-2728,2550,373423,13693,raw_ad5933_range4_pga1,0,0,0,0,0,0,0,0,0,0,0
data,995878,159,16,85000,-2872,2385,373318,14029,raw_ad5933_range4_pga1,0,0,0,0,0,0,0,0,0,0,0
data,996017,159,17,90000,-3002,2209,372716,14365,raw_ad5933_range4_pga1,0,0,0,0,0,0,0,0,0,0,0
data,996156,159,18,95000,-3122,2025,372122,14703,raw_ad5933_range4_pga1,0,0,0,0,0,0,0,0,0,0,0
data,996295,159,19,100000,-3226,1850,371881,15016,raw_ad5933_range4_pga1,0,0,0,0,0,0,0,0,0,0,0
status,996413,159,0,0,0,0,0,0,sweep_end,0,0,0,0,0,0,0,0,0,0,0
status,999490,0,0,0,0,0,0,0,i2c_pc8_pc9_scan_start
status,999653,0,0,0,0,0,0,0,i2c_pc8_pc9_found_0x68
status,999728,0,0,0,0,0,0,0,i2c_pc8_pc9_scan_end_count_1
imu,999812,0,0,0,0,0,0,0,imu_sample,0x68,0x68,-2436,5828,9360,-372,7,433,-1616,0x00,0
status,999911,160,0,0,0,0,0,0,sweep_start_5k_to_100k,0,0,0,0,0,0,0,0,0,0,0
data,1000083,160,0,5000,877,2150,232199,6780,raw_ad5933_range4_pga1,0,0,0,0,0,0,0,0,0,0,0
data,1000217,160,1,10000,794,2940,304533,7488,raw_ad5933_range4_pga1,0,0,0,0,0,0,0,0,0,0,0
data,1000353,160,2,15000,427,3338,336520,8271,raw_ad5933_range4_pga1,0,0,0,0,0,0,0,0,0,0,0
data,1000488,160,3,20000,46,3530,353030,8925,raw_ad5933_range4_pga1,0,0,0,0,0,0,0,0,0,0,0
data,1000622,160,4,25000,-307,3598,361107,9487,raw_ad5933_range4_pga1,0,0,0,0,0,0,0,0,0,0,0
data,1000759,160,5,30000,-610,3616,366709,9957,raw_ad5933_range4_pga1,0,0,0,0,0,0,0,0,0,0,0
data,1000896,160,6,35000,-889,3584,369261,10393,raw_ad5933_range4_pga1,0,0,0,0,0,0,0,0,0,0,0
data,1001034,160,7,40000,-1132,3536,371278,10775,raw_ad5933_range4_pga1,0,0,0,0,0,0,0,0,0,0,0
data,1001173,160,8,45000,-1390,3451,372042,11193,raw_ad5933_range4_pga1,0,0,0,0,0,0,0,0,0,0,0
data,1001312,160,9,50000,-1623,3360,373145,11578,raw_ad5933_range4_pga1,0,0,0,0,0,0,0,0,0,0,0
data,1001451,160,10,55000,-1839,3253,373683,11948,raw_ad5933_range4_pga1,0,0,0,0,0,0,0,0,0,0,0
data,1001591,160,11,60000,-2038,3138,374172,12300,raw_ad5933_range4_pga1,0,0,0,0,0,0,0,0,0,0,0
data,1001731,160,12,65000,-2226,3003,373806,12654,raw_ad5933_range4_pga1,0,0,0,0,0,0,0,0,0,0,0
data,1001871,160,13,70000,-2406,2861,373820,13006,raw_ad5933_range4_pga1,0,0,0,0,0,0,0,0,0,0,0
data,1002011,160,14,75000,-2573,2710,373690,13351,raw_ad5933_range4_pga1,0,0,0,0,0,0,0,0,0,0,0
data,1002151,160,15,80000,-2725,2546,372931,13694,raw_ad5933_range4_pga1,0,0,0,0,0,0,0,0,0,0,0
data,1002291,160,16,85000,-2873,2383,373267,14032,raw_ad5933_range4_pga1,0,0,0,0,0,0,0,0,0,0,0
data,1002431,160,17,90000,-3002,2214,373012,14359,raw_ad5933_range4_pga1,0,0,0,0,0,0,0,0,0,0,0
data,1002571,160,18,95000,-3125,2030,372646,14699,raw_ad5933_range4_pga1,0,0,0,0,0,0,0,0,0,0,0
data,1002711,160,19,100000,-3231,1844,372017,15028,raw_ad5933_range4_pga1,0,0,0,0,0,0,0,0,0,0,0
status,1002830,160,0,0,0,0,0,0,sweep_end,0,0,0,0,0,0,0,0,0,0,0
status,1005908,0,0,0,0,0,0,0,i2c_pc8_pc9_scan_start
status,1006072,0,0,0,0,0,0,0,i2c_pc8_pc9_found_0x68
status,1006148,0,0,0,0,0,0,0,i2c_pc8_pc9_scan_end_count_1
imu,1006233,0,0,0,0,0,0,0,imu_sample,0x68,0x68,-2404,5916,9484,-361,0,429,-1632,0x00,0
status,1006333,161,0,0,0,0,0,0,sweep_start_5k_to_100k,0,0,0,0,0,0,0,0,0,0,0
data,1006506,161,0,5000,881,2153,232628,6774,raw_ad5933_range4_pga1,0,0,0,0,0,0,0,0,0,0,0
data,1006640,161,1,10000,789,2931,303534,7493,raw_ad5933_range4_pga1,0,0,0,0,0,0,0,0,0,0,0
data,1006776,161,2,15000,432,3333,336088,8261,raw_ad5933_range4_pga1,0,0,0,0,0,0,0,0,0,0,0
data,1006911,161,3,20000,48,3531,353133,8922,raw_ad5933_range4_pga1,0,0,0,0,0,0,0,0,0,0,0
data,1007046,161,4,25000,-296,3608,362012,9469,raw_ad5933_range4_pga1,0,0,0,0,0,0,0,0,0,0,0
data,1007182,161,5,30000,-604,3609,365919,9950,raw_ad5933_range4_pga1,0,0,0,0,0,0,0,0,0,0,0
data,1007319,161,6,35000,-891,3581,369018,10397,raw_ad5933_range4_pga1,0,0,0,0,0,0,0,0,0,0,0
data,1007457,161,7,40000,-1151,3535,371766,10803,raw_ad5933_range4_pga1,0,0,0,0,0,0,0,0,0,0,0
data,1007596,161,8,45000,-1396,3448,371988,11204,raw_ad5933_range4_pga1,0,0,0,0,0,0,0,0,0,0,0
data,1007735,161,9,50000,-1622,3364,373462,11574,raw_ad5933_range4_pga1,0,0,0,0,0,0,0,0,0,0,0
data,1007874,161,10,55000,-1838,3251,373460,11948,raw_ad5933_range4_pga1,0,0,0,0,0,0,0,0,0,0,0
data,1008014,161,11,60000,-2038,3129,373418,12307,raw_ad5933_range4_pga1,0,0,0,0,0,0,0,0,0,0,0
data,1008154,161,12,65000,-2233,3005,374384,12661,raw_ad5933_range4_pga1,0,0,0,0,0,0,0,0,0,0,0
data,1008294,161,13,70000,-2407,2863,374038,13005,raw_ad5933_range4_pga1,0,0,0,0,0,0,0,0,0,0,0
data,1008434,161,14,75000,-2571,2708,373407,13351,raw_ad5933_range4_pga1,0,0,0,0,0,0,0,0,0,0,0
data,1008574,161,15,80000,-2730,2542,373024,13704,raw_ad5933_range4_pga1,0,0,0,0,0,0,0,0,0,0,0
data,1008714,161,16,85000,-2873,2374,372693,14043,raw_ad5933_range4_pga1,0,0,0,0,0,0,0,0,0,0,0
data,1008854,161,17,90000,-3006,2207,372919,14371,raw_ad5933_range4_pga1,0,0,0,0,0,0,0,0,0,0,0
data,1008994,161,18,95000,-3121,2025,372039,14702,raw_ad5933_range4_pga1,0,0,0,0,0,0,0,0,0,0,0
data,1009134,161,19,100000,-3231,1843,371968,15029,raw_ad5933_range4_pga1,0,0,0,0,0,0,0,0,0,0,0
status,1009253,161,0,0,0,0,0,0,sweep_end,0,0,0,0,0,0,0,0,0,0,0
status,1012332,0,0,0,0,0,0,0,i2c_pc8_pc9_scan_start
status,1012496,0,0,0,0,0,0,0,i2c_pc8_pc9_found_0x68
status,1012572,0,0,0,0,0,0,0,i2c_pc8_pc9_scan_end_count_1
imu,1012657,0,0,0,0,0,0,0,imu_sample,0x68,0x68,-2388,5836,9312,-359,12,421,-1632,0x00,0
status,1012759,162,0,0,0,0,0,0,sweep_start_5k_to_100k,0,0,0,0,0,0,0,0,0,0,0
data,1012931,162,0,5000,882,2151,232481,6770,raw_ad5933_range4_pga1,0,0,0,0,0,0,0,0,0,0,0
data,1013065,162,1,10000,811,2917,302764,7446,raw_ad5933_range4_pga1,0,0,0,0,0,0,0,0,0,0,0
data,1013201,162,2,15000,428,3338,336533,8269,raw_ad5933_range4_pga1,0,0,0,0,0,0,0,0,0,0,0
data,1013336,162,3,20000,49,3533,353334,8920,raw_ad5933_range4_pga1,0,0,0,0,0,0,0,0,0,0,0
data,1013471,162,4,25000,-293,3600,361190,9465,raw_ad5933_range4_pga1,0,0,0,0,0,0,0,0,0,0,0
data,1013607,162,5,30000,-609,3610,366101,9957,raw_ad5933_range4_pga1,0,0,0,0,0,0,0,0,0,0,0
data,1013744,162,6,35000,-891,3585,369406,10395,raw_ad5933_range4_pga1,0,0,0,0,0,0,0,0,0,0,0
data,1013882,162,7,40000,-1157,3528,371287,10815,raw_ad5933_range4_pga1,0,0,0,0,0,0,0,0,0,0,0
data,1014021,162,8,45000,-1390,3450,371949,11194,raw_ad5933_range4_pga1,0,0,0,0,0,0,0,0,0,0,0
data,1014160,162,9,50000,-1617,3367,373515,11565,raw_ad5933_range4_pga1,0,0,0,0,0,0,0,0,0,0,0
data,1014299,162,10,55000,-1843,3253,373880,11953,raw_ad5933_range4_pga1,0,0,0,0,0,0,0,0,0,0,0
data,1014439,162,11,60000,-2036,3136,373896,12299,raw_ad5933_range4_pga1,0,0,0,0,0,0,0,0,0,0,0
data,1014579,162,12,65000,-2233,3004,374303,12662,raw_ad5933_range4_pga1,0,0,0,0,0,0,0,0,0,0,0
data,1014719,162,13,70000,-2404,2861,373692,13003,raw_ad5933_range4_pga1,0,0,0,0,0,0,0,0,0,0,0
data,1014859,162,14,75000,-2576,2707,373679,13357,raw_ad5933_range4_pga1,0,0,0,0,0,0,0,0,0,0,0
data,1014999,162,15,80000,-2719,2547,372561,13687,raw_ad5933_range4_pga1,0,0,0,0,0,0,0,0,0,0,0
data,1015139,162,16,85000,-2867,2388,373125,14020,raw_ad5933_range4_pga1,0,0,0,0,0,0,0,0,0,0,0
data,1015279,162,17,90000,-3014,2211,373801,14373,raw_ad5933_range4_pga1,0,0,0,0,0,0,0,0,0,0,0
data,1015419,162,18,95000,-3134,2032,373510,14704,raw_ad5933_range4_pga1,0,0,0,0,0,0,0,0,0,0,0
data,1015559,162,19,100000,-3224,1846,371509,15020,raw_ad5933_range4_pga1,0,0,0,0,0,0,0,0,0,0,0
status,1015678,162,0,0,0,0,0,0,sweep_end,0,0,0,0,0,0,0,0,0,0,0
status,1018757,0,0,0,0,0,0,0,i2c_pc8_pc9_scan_start
status,1018921,0,0,0,0,0,0,0,i2c_pc8_pc9_found_0x68
status,1018997,0,0,0,0,0,0,0,i2c_pc8_pc9_scan_end_count_1
imu,1019082,0,0,0,0,0,0,0,imu_sample,0x68,0x68,-2440,5764,9492,-367,12,429,-1616,0x00,0
status,1019184,163,0,0,0,0,0,0,sweep_start_5k_to_100k,0,0,0,0,0,0,0,0,0,0,0
data,1019356,163,0,5000,879,2151,232367,6777,raw_ad5933_range4_pga1,0,0,0,0,0,0,0,0,0,0,0
data,1019490,163,1,10000,801,2920,302787,7466,raw_ad5933_range4_pga1,0,0,0,0,0,0,0,0,0,0,0
data,1019626,163,2,15000,432,3338,336584,8262,raw_ad5933_range4_pga1,0,0,0,0,0,0,0,0,0,0,0
data,1019761,163,3,20000,43,3531,353126,8930,raw_ad5933_range4_pga1,0,0,0,0,0,0,0,0,0,0,0
data,1019896,163,4,25000,-289,3595,360660,9459,raw_ad5933_range4_pga1,0,0,0,0,0,0,0,0,0,0,0
data,1020032,163,5,30000,-616,3612,366415,9967,raw_ad5933_range4_pga1,0,0,0,0,0,0,0,0,0,0,0
data,1020169,163,6,35000,-893,3582,369164,10399,raw_ad5933_range4_pga1,0,0,0,0,0,0,0,0,0,0,0
data,1020307,163,7,40000,-1153,3532,371543,10807,raw_ad5933_range4_pga1,0,0,0,0,0,0,0,0,0,0,0
data,1020446,163,8,45000,-1395,3455,372600,11198,raw_ad5933_range4_pga1,0,0,0,0,0,0,0,0,0,0,0
data,1020585,163,9,50000,-1618,3360,372928,11571,raw_ad5933_range4_pga1,0,0,0,0,0,0,0,0,0,0,0
data,1020724,163,10,55000,-1840,3262,374516,11942,raw_ad5933_range4_pga1,0,0,0,0,0,0,0,0,0,0,0
data,1020864,163,11,60000,-2044,3142,374835,12304,raw_ad5933_range4_pga1,0,0,0,0,0,0,0,0,0,0,0
data,1021004,163,12,65000,-2227,3004,373946,12655,raw_ad5933_range4_pga1,0,0,0,0,0,0,0,0,0,0,0
data,1021144,163,13,70000,-2406,2861,373820,13006,raw_ad5933_range4_pga1,0,0,0,0,0,0,0,0,0,0,0
data,1021284,163,14,75000,-2573,2706,373400,13355,raw_ad5933_range4_pga1,0,0,0,0,0,0,0,0,0,0,0
data,1021424,163,15,80000,-2730,2554,373842,13690,raw_ad5933_range4_pga1,0,0,0,0,0,0,0,0,0,0,0
data,1021564,163,16,85000,-2869,2382,372895,14029,raw_ad5933_range4_pga1,0,0,0,0,0,0,0,0,0,0,0
data,1021704,163,17,90000,-3001,2217,373110,14354,raw_ad5933_range4_pga1,0,0,0,0,0,0,0,0,0,0,0
data,1021844,163,18,95000,-3124,2027,372399,14702,raw_ad5933_range4_pga1,0,0,0,0,0,0,0,0,0,0,0
data,1021984,163,19,100000,-3226,1850,371881,15016,raw_ad5933_range4_pga1,0,0,0,0,0,0,0,0,0,0,0
status,1022103,163,0,0,0,0,0,0,sweep_end,0,0,0,0,0,0,0,0,0,0,0
status,1025182,0,0,0,0,0,0,0,i2c_pc8_pc9_scan_start
status,1025346,0,0,0,0,0,0,0,i2c_pc8_pc9_found_0x68
status,1025422,0,0,0,0,0,0,0,i2c_pc8_pc9_scan_end_count_1
imu,1025507,0,0,0,0,0,0,0,imu_sample,0x68,0x68,-2488,5764,9384,-364,18,431,-1632,0x00,0
status,1025609,164,0,0,0,0,0,0,sweep_start_5k_to_100k,0,0,0,0,0,0,0,0,0,0,0
data,1025781,164,0,5000,875,2154,232494,6789,raw_ad5933_range4_pga1,0,0,0,0,0,0,0,0,0,0,0
data,1025915,164,1,10000,802,2927,303489,7467,raw_ad5933_range4_pga1,0,0,0,0,0,0,0,0,0,0,0
data,1026051,164,2,15000,429,3333,336050,8266,raw_ad5933_range4_pga1,0,0,0,0,0,0,0,0,0,0,0
data,1026186,164,3,20000,44,3530,353027,8928,raw_ad5933_range4_pga1,0,0,0,0,0,0,0,0,0,0,0
data,1026321,164,4,25000,-298,3594,360633,9473,raw_ad5933_range4_pga1,0,0,0,0,0,0,0,0,0,0,0
data,1026457,164,5,30000,-606,3606,365657,9953,raw_ad5933_range4_pga1,0,0,0,0,0,0,0,0,0,0,0
data,1026594,164,6,35000,-889,3576,368485,10396,raw_ad5933_range4_pga1,0,0,0,0,0,0,0,0,0,0,0
data,1026732,164,7,40000,-1153,3528,371163,10809,raw_ad5933_range4_pga1,0,0,0,0,0,0,0,0,0,0,0
data,1026871,164,8,45000,-1389,3454,372283,11190,raw_ad5933_range4_pga1,0,0,0,0,0,0,0,0,0,0,0
data,1027010,164,9,50000,-1625,3363,373502,11578,raw_ad5933_range4_pga1,0,0,0,0,0,0,0,0,0,0,0
data,1027149,164,10,55000,-1843,3252,373793,11954,raw_ad5933_range4_pga1,0,0,0,0,0,0,0,0,0,0,0
data,1027289,164,11,60000,-2039,3129,373472,12309,raw_ad5933_range4_pga1,0,0,0,0,0,0,0,0,0,0,0
data,1027429,164,12,65000,-2244,2993,374080,12686,raw_ad5933_range4_pga1,0,0,0,0,0,0,0,0,0,0,0
data,1027569,164,13,70000,-2404,2860,373615,13004,raw_ad5933_range4_pga1,0,0,0,0,0,0,0,0,0,0,0
data,1027709,164,14,75000,-2579,2700,373380,13368,raw_ad5933_range4_pga1,0,0,0,0,0,0,0,0,0,0,0
data,1027849,164,15,80000,-2728,2551,373491,13692,raw_ad5933_range4_pga1,0,0,0,0,0,0,0,0,0,0,0
data,1027989,164,16,85000,-2872,2383,373190,14031,raw_ad5933_range4_pga1,0,0,0,0,0,0,0,0,0,0,0
data,1028129,164,17,90000,-3003,2212,372974,14362,raw_ad5933_range4_pga1,0,0,0,0,0,0,0,0,0,0,0
data,1028269,164,18,95000,-3125,2029,372592,14700,raw_ad5933_range4_pga1,0,0,0,0,0,0,0,0,0,0,0
data,1028409,164,19,100000,-3230,1845,371980,15026,raw_ad5933_range4_pga1,0,0,0,0,0,0,0,0,0,0,0
status,1028528,164,0,0,0,0,0,0,sweep_end,0,0,0,0,0,0,0,0,0,0,0
status,1031607,0,0,0,0,0,0,0,i2c_pc8_pc9_scan_start
status,1031771,0,0,0,0,0,0,0,i2c_pc8_pc9_found_0x68
status,1031847,0,0,0,0,0,0,0,i2c_pc8_pc9_scan_end_count_1
imu,1031932,0,0,0,0,0,0,0,imu_sample,0x68,0x68,-2420,5868,9432,-386,11,412,-1616,0x00,0
status,1032034,165,0,0,0,0,0,0,sweep_start_5k_to_100k,0,0,0,0,0,0,0,0,0,0,0
data,1032206,165,0,5000,877,2153,232477,6783,raw_ad5933_range4_pga1,0,0,0,0,0,0,0,0,0,0,0
data,1032340,165,1,10000,796,2939,304489,7484,raw_ad5933_range4_pga1,0,0,0,0,0,0,0,0,0,0,0
data,1032476,165,2,15000,424,3339,336581,8276,raw_ad5933_range4_pga1,0,0,0,0,0,0,0,0,0,0,0
data,1032611,165,3,20000,48,3529,352933,8922,raw_ad5933_range4_pga1,0,0,0,0,0,0,0,0,0,0,0
data,1032746,165,4,25000,-288,3603,361449,9457,raw_ad5933_range4_pga1,0,0,0,0,0,0,0,0,0,0,0
data,1032882,165,5,30000,-609,3609,366002,9957,raw_ad5933_range4_pga1,0,0,0,0,0,0,0,0,0,0,0
data,1033019,165,6,35000,-891,3583,369212,10396,raw_ad5933_range4_pga1,0,0,0,0,0,0,0,0,0,0,0
data,1033157,165,7,40000,-1147,3533,371453,10798,raw_ad5933_range4_pga1,0,0,0,0,0,0,0,0,0,0,0
data,1033296,165,8,45000,-1392,3450,372024,11197,raw_ad5933_range4_pga1,0,0,0,0,0,0,0,0,0,0,0
data,1033435,165,9,50000,-1624,3365,373639,11576,raw_ad5933_range4_pga1,0,0,0,0,0,0,0,0,0,0,0
data,1033574,165,10,55000,-1834,3256,373699,11939,raw_ad5933_range4_pga1,0,0,0,0,0,0,0,0,0,0,0
data,1033714,165,11,60000,-2039,3139,374311,12300,raw_ad5933_range4_pga1,0,0,0,0,0,0,0,0,0,0,0
data,1033854,165,12,65000,-2234,3008,374684,12660,raw_ad5933_range4_pga1,0,0,0,0,0,0,0,0,0,0,0
data,1033994,165,13,70000,-2404,2861,373692,13003,raw_ad5933_range4_pga1,0,0,0,0,0,0,0,0,0,0,0
data,1034134,165,14,75000,-2567,2714,373568,13340,raw_ad5933_range4_pga1,0,0,0,0,0,0,0,0,0,0,0
data,1034274,165,15,80000,-2713,2553,372534,13674,raw_ad5933_range4_pga1,0,0,0,0,0,0,0,0,0,0,0
data,1034414,165,16,85000,-2868,2380,372691,14031,raw_ad5933_range4_pga1,0,0,0,0,0,0,0,0,0,0,0
data,1034554,165,17,90000,-2993,2204,371694,14363,raw_ad5933_range4_pga1,0,0,0,0,0,0,0,0,0,0,0
data,1034694,165,18,95000,-3121,2032,372420,14693,raw_ad5933_range4_pga1,0,0,0,0,0,0,0,0,0,0,0
data,1034834,165,19,100000,-3224,1843,371360,15024,raw_ad5933_range4_pga1,0,0,0,0,0,0,0,0,0,0,0
status,1034953,165,0,0,0,0,0,0,sweep_end,0,0,0,0,0,0,0,0,0,0,0
status,1038032,0,0,0,0,0,0,0,i2c_pc8_pc9_scan_start
status,1038196,0,0,0,0,0,0,0,i2c_pc8_pc9_found_0x68
status,1038272,0,0,0,0,0,0,0,i2c_pc8_pc9_scan_end_count_1
imu,1038357,0,0,0,0,0,0,0,imu_sample,0x68,0x68,-2440,5744,9360,-380,15,418,-1632,0x00,0
status,1038459,166,0,0,0,0,0,0,sweep_start_5k_to_100k,0,0,0,0,0,0,0,0,0,0,0
data,1038631,166,0,5000,879,2149,232182,6775,raw_ad5933_range4_pga1,0,0,0,0,0,0,0,0,0,0,0
data,1038765,166,1,10000,802,2926,303392,7467,raw_ad5933_range4_pga1,0,0,0,0,0,0,0,0,0,0,0
data,1038901,166,2,15000,423,3335,336172,8277,raw_ad5933_range4_pga1,0,0,0,0,0,0,0,0,0,0,0
data,1039036,166,3,20000,44,3532,353227,8928,raw_ad5933_range4_pga1,0,0,0,0,0,0,0,0,0,0,0
data,1039171,166,4,25000,-297,3596,360824,9472,raw_ad5933_range4_pga1,0,0,0,0,0,0,0,0,0,0,0
data,1039307,166,5,30000,-616,3603,365528,9970,raw_ad5933_range4_pga1,0,0,0,0,0,0,0,0,0,0,0
data,1039444,166,6,35000,-886,3582,368995,10389,raw_ad5933_range4_pga1,0,0,0,0,0,0,0,0,0,0,0
data,1039582,166,7,40000,-1150,3531,371355,10803,raw_ad5933_range4_pga1,0,0,0,0,0,0,0,0,0,0,0
data,1039721,166,8,45000,-1394,3453,372377,11198,raw_ad5933_range4_pga1,0,0,0,0,0,0,0,0,0,0,0
data,1039860,166,9,50000,-1631,3355,373044,11592,raw_ad5933_range4_pga1,0,0,0,0,0,0,0,0,0,0,0
data,1039999,166,10,55000,-1841,3255,373956,11949,raw_ad5933_range4_pga1,0,0,0,0,0,0,0,0,0,0,0
data,1040139,166,11,60000,-2048,3137,374634,12313,raw_ad5933_range4_pga1,0,0,0,0,0,0,0,0,0,0,0
data,1040279,166,12,65000,-2227,2998,373464,12660,raw_ad5933_range4_pga1,0,0,0,0,0,0,0,0,0,0,0
data,1040419,166,13,70000,-2413,2860,374195,13015,raw_ad5933_range4_pga1,0,0,0,0,0,0,0,0,0,0,0
data,1040559,166,14,75000,-2570,2706,373193,13352,raw_ad5933_range4_pga1,0,0,0,0,0,0,0,0,0,0,0
data,1040699,166,15,80000,-2727,2555,373692,13686,raw_ad5933_range4_pga1,0,0,0,0,0,0,0,0,0,0,0
data,1040839,166,16,85000,-2871,2384,373177,14029,raw_ad5933_range4_pga1,0,0,0,0,0,0,0,0,0,0,0
data,1040979,166,17,90000,-2999,2212,372652,14358,raw_ad5933_range4_pga1,0,0,0,0,0,0,0,0,0,0,0
data,1041119,166,18,95000,-3128,2031,372952,14700,raw_ad5933_range4_pga1,0,0,0,0,0,0,0,0,0,0,0
data,1041259,166,19,100000,-3237,1843,372489,15034,raw_ad5933_range4_pga1,0,0,0,0,0,0,0,0,0,0,0
status,1041378,166,0,0,0,0,0,0,sweep_end,0,0,0,0,0,0,0,0,0,0,0
status,1044457,0,0,0,0,0,0,0,i2c_pc8_pc9_scan_start
status,1044621,0,0,0,0,0,0,0,i2c_pc8_pc9_found_0x68
status,1044697,0,0,0,0,0,0,0,i2c_pc8_pc9_scan_end_count_1
imu,1044782,0,0,0,0,0,0,0,imu_sample,0x68,0x68,-2464,5804,9320,-379,-9,421,-1584,0x00,0
status,1044884,167,0,0,0,0,0,0,sweep_start_5k_to_100k,0,0,0,0,0,0,0,0,0,0,0
data,1045056,167,0,5000,882,2152,232573,6771,raw_ad5933_range4_pga1,0,0,0,0,0,0,0,0,0,0,0
data,1045190,167,1,10000,795,2923,302918,7478,raw_ad5933_range4_pga1,0,0,0,0,0,0,0,0,0,0,0
data,1045326,167,2,15000,435,3330,335829,8255,raw_ad5933_range4_pga1,0,0,0,0,0,0,0,0,0,0,0
data,1045461,167,3,20000,49,3532,353234,8920,raw_ad5933_range4_pga1,0,0,0,0,0,0,0,0,0,0,0
data,1045596,167,4,25000,-297,3603,361522,9471,raw_ad5933_range4_pga1,0,0,0,0,0,0,0,0,0,0,0
data,1045732,167,5,30000,-601,3614,366363,9944,raw_ad5933_range4_pga1,0,0,0,0,0,0,0,0,0,0,0
data,1045869,167,6,35000,-895,3580,369018,10403,raw_ad5933_range4_pga1,0,0,0,0,0,0,0,0,0,0,0
data,1046007,167,7,40000,-1146,3528,370946,10799,raw_ad5933_range4_pga1,0,0,0,0,0,0,0,0,0,0,0
data,1046146,167,8,45000,-1396,3449,372081,11203,raw_ad5933_range4_pga1,0,0,0,0,0,0,0,0,0,0,0
data,1046285,167,9,50000,-1622,3359,373012,11577,raw_ad5933_range4_pga1,0,0,0,0,0,0,0,0,0,0,0
data,1046424,167,10,55000,-1849,3258,374611,11957,raw_ad5933_range4_pga1,0,0,0,0,0,0,0,0,0,0,0
data,1046564,167,11,60000,-2038,3145,374760,12294,raw_ad5933_range4_pga1,0,0,0,0,0,0,0,0,0,0,0
data,1046704,167,12,65000,-2232,3009,374645,12656,raw_ad5933_range4_pga1,0,0,0,0,0,0,0,0,0,0,0
data,1046844,167,13,70000,-2410,2864,374307,13007,raw_ad5933_range4_pga1,0,0,0,0,0,0,0,0,0,0,0
data,1046984,167,14,75000,-2572,2707,373404,13353,raw_ad5933_range4_pga1,0,0,0,0,0,0,0,0,0,0,0
data,1047124,167,15,80000,-2728,2548,373287,13695,raw_ad5933_range4_pga1,0,0,0,0,0,0,0,0,0,0,0
data,1047264,167,16,85000,-2868,2381,372754,14030,raw_ad5933_range4_pga1,0,0,0,0,0,0,0,0,0,0,0
data,1047404,167,17,90000,-3005,2211,373076,14365,raw_ad5933_range4_pga1,0,0,0,0,0,0,0,0,0,0,0
data,1047544,167,18,95000,-3124,2031,372617,14697,raw_ad5933_range4_pga1,0,0,0,0,0,0,0,0,0,0,0
data,1047684,167,19,100000,-3224,1840,371211,15028,raw_ad5933_range4_pga1,0,0,0,0,0,0,0,0,0,0,0
status,1047803,167,0,0,0,0,0,0,sweep_end,0,0,0,0,0,0,0,0,0,0,0
status,1050882,0,0,0,0,0,0,0,i2c_pc8_pc9_scan_start
status,1051046,0,0,0,0,0,0,0,i2c_pc8_pc9_found_0x68
status,1051122,0,0,0,0,0,0,0,i2c_pc8_pc9_scan_end_count_1
imu,1051207,0,0,0,0,0,0,0,imu_sample,0x68,0x68,-2408,5840,9348,-368,9,423,-1632,0x00,0
status,1051308,168,0,0,0,0,0,0,sweep_start_5k_to_100k,0,0,0,0,0,0,0,0,0,0,0
data,1051480,168,0,5000,873,2135,230659,6776,raw_ad5933_range4_pga1,0,0,0,0,0,0,0,0,0,0,0
data,1051614,168,1,10000,801,2924,303173,7468,raw_ad5933_range4_pga1,0,0,0,0,0,0,0,0,0,0,0
data,1051750,168,2,15000,429,3337,336446,8267,raw_ad5933_range4_pga1,0,0,0,0,0,0,0,0,0,0,0
data,1051885,168,3,20000,55,3526,352643,8910,raw_ad5933_range4_pga1,0,0,0,0,0,0,0,0,0,0,0
data,1052019,168,4,25000,-295,3601,361306,9468,raw_ad5933_range4_pga1,0,0,0,0,0,0,0,0,0,0,0
data,1052156,168,5,30000,-606,3614,366446,9951,raw_ad5933_range4_pga1,0,0,0,0,0,0,0,0,0,0,0
data,1052293,168,6,35000,-889,3569,367805,10398,raw_ad5933_range4_pga1,0,0,0,0,0,0,0,0,0,0,0
data,1052431,168,7,40000,-1152,3521,370467,10811,raw_ad5933_range4_pga1,0,0,0,0,0,0,0,0,0,0,0
data,1052570,168,8,45000,-1396,3456,372730,11199,raw_ad5933_range4_pga1,0,0,0,0,0,0,0,0,0,0,0
data,1052709,168,9,50000,-1625,3362,373412,11579,raw_ad5933_range4_pga1,0,0,0,0,0,0,0,0,0,0,0
data,1052847,168,10,55000,-1835,3254,373574,11941,raw_ad5933_range4_pga1,0,0,0,0,0,0,0,0,0,0,0
data,1052987,168,11,60000,-2029,3130,373011,12295,raw_ad5933_range4_pga1,0,0,0,0,0,0,0,0,0,0,0
data,1053128,168,12,65000,-2214,3004,373173,12639,raw_ad5933_range4_pga1,0,0,0,0,0,0,0,0,0,0,0
data,1053268,168,13,70000,-2414,2857,374030,13019,raw_ad5933_range4_pga1,0,0,0,0,0,0,0,0,0,0,0
data,1053408,168,14,75000,-2577,2711,374038,13354,raw_ad5933_range4_pga1,0,0,0,0,0,0,0,0,0,0,0
data,1053548,168,15,80000,-2729,2547,373291,13697,raw_ad5933_range4_pga1,0,0,0,0,0,0,0,0,0,0,0
data,1053688,168,16,85000,-2868,2383,372882,14027,raw_ad5933_range4_pga1,0,0,0,0,0,0,0,0,0,0,0
data,1053828,168,17,90000,-3007,2207,373000,14372,raw_ad5933_range4_pga1,0,0,0,0,0,0,0,0,0,0,0
data,1053968,168,18,95000,-3122,2029,372340,14698,raw_ad5933_range4_pga1,0,0,0,0,0,0,0,0,0,0,0
data,1054108,168,19,100000,-3228,1842,371658,15028,raw_ad5933_range4_pga1,0,0,0,0,0,0,0,0,0,0,0
status,1054227,168,0,0,0,0,0,0,sweep_end,0,0,0,0,0,0,0,0,0,0,0
status,1057306,0,0,0,0,0,0,0,i2c_pc8_pc9_scan_start
status,1057470,0,0,0,0,0,0,0,i2c_pc8_pc9_found_0x68
status,1057546,0,0,0,0,0,0,0,i2c_pc8_pc9_scan_end_count_1
imu,1057631,0,0,0,0,0,0,0,imu_sample,0x68,0x68,-2400,5932,9512,-376,36,409,-1632,0x00,0
status,1057733,169,0,0,0,0,0,0,sweep_start_5k_to_100k,0,0,0,0,0,0,0,0,0,0,0
data,1057905,169,0,5000,881,2150,232350,6771,raw_ad5933_range4_pga1,0,0,0,0,0,0,0,0,0,0,0
data,1058039,169,1,10000,798,2923,302997,7472,raw_ad5933_range4_pga1,0,0,0,0,0,0,0,0,0,0,0
data,1058175,169,2,15000,430,3336,336360,8265,raw_ad5933_range4_pga1,0,0,0,0,0,0,0,0,0,0,0
data,1058310,169,3,20000,50,3526,352635,8918,raw_ad5933_range4_pga1,0,0,0,0,0,0,0,0,0,0,0
data,1058444,169,4,25000,-295,3599,361107,9468,raw_ad5933_range4_pga1,0,0,0,0,0,0,0,0,0,0,0
data,1058581,169,5,30000,-608,3607,365788,9956,raw_ad5933_range4_pga1,0,0,0,0,0,0,0,0,0,0,0
data,1058718,169,6,35000,-889,3584,369261,10393,raw_ad5933_range4_pga1,0,0,0,0,0,0,0,0,0,0,0
data,1058856,169,7,40000,-1145,3528,370915,10798,raw_ad5933_range4_pga1,0,0,0,0,0,0,0,0,0,0,0
data,1058995,169,8,45000,-1403,3457,373085,11208,raw_ad5933_range4_pga1,0,0,0,0,0,0,0,0,0,0,0
data,1059134,169,9,50000,-1626,3359,373186,11583,raw_ad5933_range4_pga1,0,0,0,0,0,0,0,0,0,0,0
data,1059272,169,10,55000,-1833,3254,373476,11939,raw_ad5933_range4_pga1,0,0,0,0,0,0,0,0,0,0,0
data,1059412,169,11,60000,-2043,3131,373858,12312,raw_ad5933_range4_pga1,0,0,0,0,0,0,0,0,0,0,0
data,1059553,169,12,65000,-2231,3004,374184,12660,raw_ad5933_range4_pga1,0,0,0,0,0,0,0,0,0,0,0
data,1059693,169,13,70000,-2406,2864,374050,13003,raw_ad5933_range4_pga1,0,0,0,0,0,0,0,0,0,0,0
data,1059833,169,14,75000,-2571,2710,373552,13349,raw_ad5933_range4_pga1,0,0,0,0,0,0,0,0,0,0,0
data,1059973,169,15,80000,-2731,2554,373915,13691,raw_ad5933_range4_pga1,0,0,0,0,0,0,0,0,0,0,0
data,1060113,169,16,85000,-2868,2383,372882,14027,raw_ad5933_range4_pga1,0,0,0,0,0,0,0,0,0,0,0
data,1060253,169,17,90000,-3004,2211,372995,14364,raw_ad5933_range4_pga1,0,0,0,0,0,0,0,0,0,0,0
data,1060393,169,18,95000,-3121,2030,372311,14695,raw_ad5933_range4_pga1,0,0,0,0,0,0,0,0,0,0,0
data,1060533,169,19,100000,-3228,1847,371906,15022,raw_ad5933_range4_pga1,0,0,0,0,0,0,0,0,0,0,0
# automatic_capture_complete,complete_sweeps=30,finished=2026-08-23 22:37:11
