# automatic_capture,target_complete_sweeps=30,port=COM5,baud=115200,started=2026-08-25 20:07:26
status,9926422,0,0,0,0,0,0,0,i2c_pc8_pc9_scan_start
status,9926586,0,0,0,0,0,0,0,i2c_pc8_pc9_found_0x68
status,9926662,0,0,0,0,0,0,0,i2c_pc8_pc9_scan_end_count_1
imu,9926747,0,0,0,0,0,0,0,imu_sample,0x68,0x68,-2684,6340,9136,-350,-4,414,-2768,0x00,0
status,9926849,1552,0,0,0,0,0,0,sweep_start_5k_to_100k,0,0,0,0,0,0,0,0,0,0,0
data,9927022,1552,0,5000,642,3730,378485,8023,raw_ad5933_range4_pga1,0,0,0,0,0,0,0,0,0,0,0
data,9927157,1552,1,10000,22,3892,389206,8967,raw_ad5933_range4_pga1,0,0,0,0,0,0,0,0,0,0,0
data,9927293,1552,2,15000,-346,3894,390934,9507,raw_ad5933_range4_pga1,0,0,0,0,0,0,0,0,0,0,0
data,9927431,1552,3,20000,-637,3885,393688,9931,raw_ad5933_range4_pga1,0,0,0,0,0,0,0,0,0,0,0
data,9927568,1552,4,25000,-900,3828,393238,10323,raw_ad5933_range4_pga1,0,0,0,0,0,0,0,0,0,0,0
data,9927707,1552,5,30000,-1133,3763,392987,10675,raw_ad5933_range4_pga1,0,0,0,0,0,0,0,0,0,0,0
data,9927847,1552,6,35000,-1363,3681,392524,11031,raw_ad5933_range4_pga1,0,0,0,0,0,0,0,0,0,0,0
data,9927987,1552,7,40000,-1577,3597,392751,11367,raw_ad5933_range4_pga1,0,0,0,0,0,0,0,0,0,0,0
data,9928128,1552,8,45000,-1780,3491,391861,11701,raw_ad5933_range4_pga1,0,0,0,0,0,0,0,0,0,0,0
data,9928268,1552,9,50000,-1985,3384,392322,12039,raw_ad5933_range4_pga1,0,0,0,0,0,0,0,0,0,0,0
data,9928408,1552,10,55000,-2170,3265,392035,12360,raw_ad5933_range4_pga1,0,0,0,0,0,0,0,0,0,0,0
data,9928549,1552,11,60000,-2360,3132,392161,12699,raw_ad5933_range4_pga1,0,0,0,0,0,0,0,0,0,0,0
data,9928690,1552,12,65000,-2517,2989,390761,13010,raw_ad5933_range4_pga1,0,0,0,0,0,0,0,0,0,0,0
data,9928831,1552,13,70000,-2683,2838,390548,13339,raw_ad5933_range4_pga1,0,0,0,0,0,0,0,0,0,0,0
data,9928972,1552,14,75000,-2834,2678,389913,13662,raw_ad5933_range4_pga1,0,0,0,0,0,0,0,0,0,0,0
data,9929113,1552,15,80000,-2975,2515,389562,13978,raw_ad5933_range4_pga1,0,0,0,0,0,0,0,0,0,0,0
data,9929255,1552,16,85000,-3105,2341,388861,14298,raw_ad5933_range4_pga1,0,0,0,0,0,0,0,0,0,0,0
data,9929396,1552,17,90000,-3236,2162,389178,14625,raw_ad5933_range4_pga1,0,0,0,0,0,0,0,0,0,0,0
data,9929537,1552,18,95000,-3340,1974,387973,14941,raw_ad5933_range4_pga1,0,0,0,0,0,0,0,0,0,0,0
data,9929678,1552,19,100000,-3439,1783,387373,15259,raw_ad5933_range4_pga1,0,0,0,0,0,0,0,0,0,0,0
status,9929799,1552,0,0,0,0,0,0,sweep_end,0,0,0,0,0,0,0,0,0,0,0
status,9932878,0,0,0,0,0,0,0,i2c_pc8_pc9_scan_start
status,9933042,0,0,0,0,0,0,0,i2c_pc8_pc9_found_0x68
status,9933118,0,0,0,0,0,0,0,i2c_pc8_pc9_scan_end_count_1
imu,9933203,0,0,0,0,0,0,0,imu_sample,0x68,0x68,-2572,6292,8904,-356,-6,420,-2768,0x00,0
status,9933305,1553,0,0,0,0,0,0,sweep_start_5k_to_100k,0,0,0,0,0,0,0,0,0,0,0
data,9933479,1553,0,5000,642,3722,377696,8021,raw_ad5933_range4_pga1,0,0,0,0,0,0,0,0,0,0,0
data,9933614,1553,1,10000,17,3896,389604,8975,raw_ad5933_range4_pga1,0,0,0,0,0,0,0,0,0,0,0
data,9933750,1553,2,15000,-347,3898,391341,9508,raw_ad5933_range4_pga1,0,0,0,0,0,0,0,0,0,0,0
data,9933888,1553,3,20000,-644,3880,393308,9942,raw_ad5933_range4_pga1,0,0,0,0,0,0,0,0,0,0,0
data,9934025,1553,4,25000,-900,3825,392946,10324,raw_ad5933_range4_pga1,0,0,0,0,0,0,0,0,0,0,0
data,9934164,1553,5,30000,-1137,3761,392911,10682,raw_ad5933_range4_pga1,0,0,0,0,0,0,0,0,0,0,0
data,9934304,1553,6,35000,-1366,3687,393191,11032,raw_ad5933_range4_pga1,0,0,0,0,0,0,0,0,0,0,0
data,9934444,1553,7,40000,-1576,3596,392619,11366,raw_ad5933_range4_pga1,0,0,0,0,0,0,0,0,0,0,0
data,9934585,1553,8,45000,-1781,3493,392084,11701,raw_ad5933_range4_pga1,0,0,0,0,0,0,0,0,0,0,0
data,9934725,1553,9,50000,-1980,3383,391983,12033,raw_ad5933_range4_pga1,0,0,0,0,0,0,0,0,0,0,0
data,9934865,1553,10,55000,-2171,3259,391591,12366,raw_ad5933_range4_pga1,0,0,0,0,0,0,0,0,0,0,0
data,9935006,1553,11,60000,-2349,3132,391500,12686,raw_ad5933_range4_pga1,0,0,0,0,0,0,0,0,0,0,0
data,9935147,1553,12,65000,-2515,2988,390556,13008,raw_ad5933_range4_pga1,0,0,0,0,0,0,0,0,0,0,0
data,9935288,1553,13,70000,-2682,2836,390333,13340,raw_ad5933_range4_pga1,0,0,0,0,0,0,0,0,0,0,0
data,9935429,1553,14,75000,-2833,2678,389841,13661,raw_ad5933_range4_pga1,0,0,0,0,0,0,0,0,0,0,0
data,9935570,1553,15,80000,-2979,2514,389803,13983,raw_ad5933_range4_pga1,0,0,0,0,0,0,0,0,0,0,0
data,9935711,1553,16,85000,-3107,2338,388841,14303,raw_ad5933_range4_pga1,0,0,0,0,0,0,0,0,0,0,0
data,9935853,1553,17,90000,-3235,2158,388873,14629,raw_ad5933_range4_pga1,0,0,0,0,0,0,0,0,0,0,0
data,9935994,1553,18,95000,-3341,1976,388161,14939,raw_ad5933_range4_pga1,0,0,0,0,0,0,0,0,0,0,0
data,9936135,1553,19,100000,-3438,1783,387285,15258,raw_ad5933_range4_pga1,0,0,0,0,0,0,0,0,0,0,0
status,9936255,1553,0,0,0,0,0,0,sweep_end,0,0,0,0,0,0,0,0,0,0,0
status,9939335,0,0,0,0,0,0,0,i2c_pc8_pc9_scan_start
status,9939499,0,0,0,0,0,0,0,i2c_pc8_pc9_found_0x68
status,9939575,0,0,0,0,0,0,0,i2c_pc8_pc9_scan_end_count_1
imu,9939660,0,0,0,0,0,0,0,imu_sample,0x68,0x68,-2608,6288,8712,-323,-60,400,-2768,0x00,0
status,9939763,1554,0,0,0,0,0,0,sweep_start_5k_to_100k,0,0,0,0,0,0,0,0,0,0,0
data,9939937,1554,0,5000,639,3727,378138,8027,raw_ad5933_range4_pga1,0,0,0,0,0,0,0,0,0,0,0
data,9940072,1554,1,10000,15,3895,389503,8977,raw_ad5933_range4_pga1,0,0,0,0,0,0,0,0,0,0,0
data,9940208,1554,2,15000,-347,3900,391541,9508,raw_ad5933_range4_pga1,0,0,0,0,0,0,0,0,0,0,0
data,9940346,1554,3,20000,-645,3875,392831,9945,raw_ad5933_range4_pga1,0,0,0,0,0,0,0,0,0,0,0
data,9940483,1554,4,25000,-897,3823,392682,10320,raw_ad5933_range4_pga1,0,0,0,0,0,0,0,0,0,0,0
data,9940622,1554,5,30000,-1138,3762,393035,10683,raw_ad5933_range4_pga1,0,0,0,0,0,0,0,0,0,0,0
data,9940762,1554,6,35000,-1364,3686,393028,11030,raw_ad5933_range4_pga1,0,0,0,0,0,0,0,0,0,0,0
data,9940902,1554,7,40000,-1576,3593,392345,11368,raw_ad5933_range4_pga1,0,0,0,0,0,0,0,0,0,0,0
data,9941042,1554,8,45000,-1782,3491,391952,11704,raw_ad5933_range4_pga1,0,0,0,0,0,0,0,0,0,0,0
data,9941182,1554,9,50000,-1983,3380,391876,12039,raw_ad5933_range4_pga1,0,0,0,0,0,0,0,0,0,0,0
data,9941322,1554,10,55000,-2172,3263,391979,12364,raw_ad5933_range4_pga1,0,0,0,0,0,0,0,0,0,0,0
data,9941464,1554,11,60000,-2351,3131,391540,12690,raw_ad5933_range4_pga1,0,0,0,0,0,0,0,0,0,0,0
data,9941605,1554,12,65000,-2520,2988,390878,13014,raw_ad5933_range4_pga1,0,0,0,0,0,0,0,0,0,0,0
data,9941746,1554,13,70000,-2685,2836,390540,13343,raw_ad5933_range4_pga1,0,0,0,0,0,0,0,0,0,0,0
data,9941887,1554,14,75000,-2833,2679,389909,13660,raw_ad5933_range4_pga1,0,0,0,0,0,0,0,0,0,0,0
data,9942028,1554,15,80000,-2976,2513,389509,13982,raw_ad5933_range4_pga1,0,0,0,0,0,0,0,0,0,0,0
data,9942169,1554,16,85000,-3108,2336,388800,14307,raw_ad5933_range4_pga1,0,0,0,0,0,0,0,0,0,0,0
data,9942311,1554,17,90000,-3228,2156,388179,14626,raw_ad5933_range4_pga1,0,0,0,0,0,0,0,0,0,0,0
data,9942452,1554,18,95000,-3337,1971,387562,14943,raw_ad5933_range4_pga1,0,0,0,0,0,0,0,0,0,0,0
data,9942593,1554,19,100000,-3436,1777,386831,15265,raw_ad5933_range4_pga1,0,0,0,0,0,0,0,0,0,0,0
status,9942713,1554,0,0,0,0,0,0,sweep_end,0,0,0,0,0,0,0,0,0,0,0
status,9945793,0,0,0,0,0,0,0,i2c_pc8_pc9_scan_start
status,9945957,0,0,0,0,0,0,0,i2c_pc8_pc9_found_0x68
status,9946033,0,0,0,0,0,0,0,i2c_pc8_pc9_scan_end_count_1
imu,9946118,0,0,0,0,0,0,0,imu_sample,0x68,0x68,-2628,6384,8976,-340,-50,395,-2736,0x00,0
status,9946221,1555,0,0,0,0,0,0,sweep_start_5k_to_100k,0,0,0,0,0,0,0,0,0,0,0
data,9946395,1555,0,5000,639,3730,378434,8027,raw_ad5933_range4_pga1,0,0,0,0,0,0,0,0,0,0,0
data,9946530,1555,1,10000,21,3892,389206,8969,raw_ad5933_range4_pga1,0,0,0,0,0,0,0,0,0,0,0
data,9946666,1555,2,15000,-354,3894,391006,9519,raw_ad5933_range4_pga1,0,0,0,0,0,0,0,0,0,0,0
data,9946804,1555,3,20000,-640,3875,392750,9937,raw_ad5933_range4_pga1,0,0,0,0,0,0,0,0,0,0,0
data,9946941,1555,4,25000,-900,3823,392751,10324,raw_ad5933_range4_pga1,0,0,0,0,0,0,0,0,0,0,0
data,9947080,1555,5,30000,-1134,3758,392537,10679,raw_ad5933_range4_pga1,0,0,0,0,0,0,0,0,0,0,0
data,9947220,1555,6,35000,-1364,3687,393122,11030,raw_ad5933_range4_pga1,0,0,0,0,0,0,0,0,0,0,0
data,9947360,1555,7,40000,-1580,3596,392780,11371,raw_ad5933_range4_pga1,0,0,0,0,0,0,0,0,0,0,0
data,9947500,1555,8,45000,-1783,3494,392264,11703,raw_ad5933_range4_pga1,0,0,0,0,0,0,0,0,0,0,0
data,9947640,1555,9,50000,-1984,3383,392185,12038,raw_ad5933_range4_pga1,0,0,0,0,0,0,0,0,0,0,0
data,9947780,1555,10,55000,-2172,3262,391896,12365,raw_ad5933_range4_pga1,0,0,0,0,0,0,0,0,0,0,0
data,9947922,1555,11,60000,-2349,3125,390940,12693,raw_ad5933_range4_pga1,0,0,0,0,0,0,0,0,0,0,0
data,9948063,1555,12,65000,-2520,2990,391031,13012,raw_ad5933_range4_pga1,0,0,0,0,0,0,0,0,0,0,0
data,9948204,1555,13,70000,-2686,2840,390899,13340,raw_ad5933_range4_pga1,0,0,0,0,0,0,0,0,0,0,0
data,9948345,1555,14,75000,-2834,2679,389982,13661,raw_ad5933_range4_pga1,0,0,0,0,0,0,0,0,0,0,0
data,9948486,1555,15,80000,-2978,2513,389662,13984,raw_ad5933_range4_pga1,0,0,0,0,0,0,0,0,0,0,0
data,9948627,1555,16,85000,-3105,2337,388621,14303,raw_ad5933_range4_pga1,0,0,0,0,0,0,0,0,0,0,0
data,9948768,1555,17,90000,-3221,2154,387486,14622,raw_ad5933_range4_pga1,0,0,0,0,0,0,0,0,0,0,0
data,9948910,1555,18,95000,-3339,1970,387683,14945,raw_ad5933_range4_pga1,0,0,0,0,0,0,0,0,0,0,0
data,9949051,1555,19,100000,-3433,1781,386749,15258,raw_ad5933_range4_pga1,0,0,0,0,0,0,0,0,0,0,0
status,9949171,1555,0,0,0,0,0,0,sweep_end,0,0,0,0,0,0,0,0,0,0,0
status,9952251,0,0,0,0,0,0,0,i2c_pc8_pc9_scan_start
status,9952415,0,0,0,0,0,0,0,i2c_pc8_pc9_found_0x68
status,9952491,0,0,0,0,0,0,0,i2c_pc8_pc9_scan_end_count_1
imu,9952576,0,0,0,0,0,0,0,imu_sample,0x68,0x68,-2580,6312,9168,-360,6,399,-2736,0x00,0
status,9952676,1556,0,0,0,0,0,0,sweep_start_5k_to_100k,0,0,0,0,0,0,0,0,0,0,0
data,9952850,1556,0,5000,642,3728,378288,8022,raw_ad5933_range4_pga1,0,0,0,0,0,0,0,0,0,0,0
data,9952985,1556,1,10000,17,3894,389404,8974,raw_ad5933_range4_pga1,0,0,0,0,0,0,0,0,0,0,0
data,9953121,1556,2,15000,-350,3899,391468,9512,raw_ad5933_range4_pga1,0,0,0,0,0,0,0,0,0,0,0
data,9953259,1556,3,20000,-644,3874,392716,9943,raw_ad5933_range4_pga1,0,0,0,0,0,0,0,0,0,0,0
data,9953396,1556,4,25000,-899,3823,392728,10323,raw_ad5933_range4_pga1,0,0,0,0,0,0,0,0,0,0,0
data,9953535,1556,5,30000,-1136,3758,392595,10681,raw_ad5933_range4_pga1,0,0,0,0,0,0,0,0,0,0,0
data,9953675,1556,6,35000,-1362,3679,392302,11031,raw_ad5933_range4_pga1,0,0,0,0,0,0,0,0,0,0,0
data,9953815,1556,7,40000,-1574,3595,392447,11364,raw_ad5933_range4_pga1,0,0,0,0,0,0,0,0,0,0,0
data,9953955,1556,8,45000,-1783,3488,391730,11707,raw_ad5933_range4_pga1,0,0,0,0,0,0,0,0,0,0,0
data,9954095,1556,9,50000,-1985,3382,392150,12040,raw_ad5933_range4_pga1,0,0,0,0,0,0,0,0,0,0,0
data,9954235,1556,10,55000,-2171,3257,391424,12368,raw_ad5933_range4_pga1,0,0,0,0,0,0,0,0,0,0,0
data,9954377,1556,11,60000,-2350,3130,391400,12689,raw_ad5933_range4_pga1,0,0,0,0,0,0,0,0,0,0,0
data,9954518,1556,12,65000,-2521,2993,391325,13010,raw_ad5933_range4_pga1,0,0,0,0,0,0,0,0,0,0,0
data,9954659,1556,13,70000,-2683,2839,390620,13338,raw_ad5933_range4_pga1,0,0,0,0,0,0,0,0,0,0,0
data,9954800,1556,14,75000,-2833,2678,389841,13661,raw_ad5933_range4_pga1,0,0,0,0,0,0,0,0,0,0,0
data,9954941,1556,15,80000,-2977,2515,389715,13980,raw_ad5933_range4_pga1,0,0,0,0,0,0,0,0,0,0,0
data,9955082,1556,16,85000,-3105,2335,388500,14305,raw_ad5933_range4_pga1,0,0,0,0,0,0,0,0,0,0,0
data,9955223,1556,17,90000,-3222,2158,387792,14618,raw_ad5933_range4_pga1,0,0,0,0,0,0,0,0,0,0,0
data,9955365,1556,18,95000,-3339,1971,387734,14944,raw_ad5933_range4_pga1,0,0,0,0,0,0,0,0,0,0,0
data,9955506,1556,19,100000,-3436,1779,386923,15262,raw_ad5933_range4_pga1,0,0,0,0,0,0,0,0,0,0,0
status,9955626,1556,0,0,0,0,0,0,sweep_end,0,0,0,0,0,0,0,0,0,0,0
status,9958706,0,0,0,0,0,0,0,i2c_pc8_pc9_scan_start
status,9958870,0,0,0,0,0,0,0,i2c_pc8_pc9_found_0x68
status,9958946,0,0,0,0,0,0,0,i2c_pc8_pc9_scan_end_count_1
imu,9959031,0,0,0,0,0,0,0,imu_sample,0x68,0x68,-2628,6364,8896,-364,37,428,-2736,0x00,0
status,9959133,1557,0,0,0,0,0,0,sweep_start_5k_to_100k,0,0,0,0,0,0,0,0,0,0,0
data,9959306,1557,0,5000,640,3729,378352,8026,raw_ad5933_range4_pga1,0,0,0,0,0,0,0,0,0,0,0
data,9959441,1557,1,10000,19,3896,389605,8972,raw_ad5933_range4_pga1,0,0,0,0,0,0,0,0,0,0,0
data,9959577,1557,2,15000,-350,3900,391567,9512,raw_ad5933_range4_pga1,0,0,0,0,0,0,0,0,0,0,0
data,9959715,1557,3,20000,-641,3873,392569,9939,raw_ad5933_range4_pga1,0,0,0,0,0,0,0,0,0,0,0
data,9959852,1557,4,25000,-898,3824,392803,10321,raw_ad5933_range4_pga1,0,0,0,0,0,0,0,0,0,0,0
data,9959991,1557,5,30000,-1136,3759,392690,10681,raw_ad5933_range4_pga1,0,0,0,0,0,0,0,0,0,0,0
data,9960131,1557,6,35000,-1366,3681,392629,11035,raw_ad5933_range4_pga1,0,0,0,0,0,0,0,0,0,0,0
data,9960271,1557,7,40000,-1580,3597,392872,11371,raw_ad5933_range4_pga1,0,0,0,0,0,0,0,0,0,0,0
data,9960411,1557,8,45000,-1784,3494,392310,11704,raw_ad5933_range4_pga1,0,0,0,0,0,0,0,0,0,0,0
data,9960552,1557,9,50000,-1982,3382,391998,12037,raw_ad5933_range4_pga1,0,0,0,0,0,0,0,0,0,0,0
data,9960692,1557,10,55000,-2170,3264,391951,12361,raw_ad5933_range4_pga1,0,0,0,0,0,0,0,0,0,0,0
data,9960833,1557,11,60000,-2350,3128,391240,12691,raw_ad5933_range4_pga1,0,0,0,0,0,0,0,0,0,0,0
data,9960974,1557,12,65000,-2520,2990,391031,13012,raw_ad5933_range4_pga1,0,0,0,0,0,0,0,0,0,0,0
data,9961115,1557,13,70000,-2682,2836,390333,13340,raw_ad5933_range4_pga1,0,0,0,0,0,0,0,0,0,0,0
data,9961256,1557,14,75000,-2835,2677,389917,13664,raw_ad5933_range4_pga1,0,0,0,0,0,0,0,0,0,0,0
data,9961397,1557,15,80000,-2977,2512,389521,13984,raw_ad5933_range4_pga1,0,0,0,0,0,0,0,0,0,0,0
data,9961538,1557,16,85000,-3106,2339,388821,14301,raw_ad5933_range4_pga1,0,0,0,0,0,0,0,0,0,0,0
data,9961680,1557,17,90000,-3230,2156,388346,14627,raw_ad5933_range4_pga1,0,0,0,0,0,0,0,0,0,0,0
data,9961821,1557,18,95000,-3340,1971,387820,14945,raw_ad5933_range4_pga1,0,0,0,0,0,0,0,0,0,0,0
data,9961962,1557,19,100000,-3435,1777,386742,15264,raw_ad5933_range4_pga1,0,0,0,0,0,0,0,0,0,0,0
status,9962082,1557,0,0,0,0,0,0,sweep_end,0,0,0,0,0,0,0,0,0,0,0
status,9965162,0,0,0,0,0,0,0,i2c_pc8_pc9_scan_start
status,9965326,0,0,0,0,0,0,0,i2c_pc8_pc9_found_0x68
status,9965402,0,0,0,0,0,0,0,i2c_pc8_pc9_scan_end_count_1
imu,9965487,0,0,0,0,0,0,0,imu_sample,0x68,0x68,-2628,6268,9044,-402,230,475,-2784,0x00,0
status,9965590,1558,0,0,0,0,0,0,sweep_start_5k_to_100k,0,0,0,0,0,0,0,0,0,0,0
data,9965764,1558,0,5000,638,3728,378220,8028,raw_ad5933_range4_pga1,0,0,0,0,0,0,0,0,0,0,0
data,9965899,1558,1,10000,19,3891,389105,8972,raw_ad5933_range4_pga1,0,0,0,0,0,0,0,0,0,0,0
data,9966035,1558,2,15000,-349,3897,391260,9511,raw_ad5933_range4_pga1,0,0,0,0,0,0,0,0,0,0,0
data,9966173,1558,3,20000,-642,3876,392881,9940,raw_ad5933_range4_pga1,0,0,0,0,0,0,0,0,0,0,0
data,9966310,1558,4,25000,-898,3825,392900,10321,raw_ad5933_range4_pga1,0,0,0,0,0,0,0,0,0,0,0
data,9966449,1558,5,30000,-1139,3762,393064,10684,raw_ad5933_range4_pga1,0,0,0,0,0,0,0,0,0,0,0
data,9966589,1558,6,35000,-1364,3685,392934,11031,raw_ad5933_range4_pga1,0,0,0,0,0,0,0,0,0,0,0
data,9966729,1558,7,40000,-1577,3594,392476,11369,raw_ad5933_range4_pga1,0,0,0,0,0,0,0,0,0,0,0
data,9966869,1558,8,45000,-1782,3495,392308,11701,raw_ad5933_range4_pga1,0,0,0,0,0,0,0,0,0,0,0
data,9967010,1558,9,50000,-1983,3379,391790,12040,raw_ad5933_range4_pga1,0,0,0,0,0,0,0,0,0,0,0
data,9967150,1558,10,55000,-2168,3262,391674,12360,raw_ad5933_range4_pga1,0,0,0,0,0,0,0,0,0,0,0
data,9967291,1558,11,60000,-2351,3127,391220,12693,raw_ad5933_range4_pga1,0,0,0,0,0,0,0,0,0,0,0
data,9967432,1558,12,65000,-2520,2986,390725,13016,raw_ad5933_range4_pga1,0,0,0,0,0,0,0,0,0,0,0
data,9967573,1558,13,70000,-2681,2838,390410,13337,raw_ad5933_range4_pga1,0,0,0,0,0,0,0,0,0,0,0
data,9967714,1558,14,75000,-2835,2678,389986,13663,raw_ad5933_range4_pga1,0,0,0,0,0,0,0,0,0,0,0
data,9967855,1558,15,80000,-2974,2510,389163,13983,raw_ad5933_range4_pga1,0,0,0,0,0,0,0,0,0,0,0
data,9967996,1558,16,85000,-3103,2339,388581,14299,raw_ad5933_range4_pga1,0,0,0,0,0,0,0,0,0,0,0
data,9968138,1558,17,90000,-3227,2157,388152,14624,raw_ad5933_range4_pga1,0,0,0,0,0,0,0,0,0,0,0
data,9968279,1558,18,95000,-3338,1971,387648,14943,raw_ad5933_range4_pga1,0,0,0,0,0,0,0,0,0,0,0
data,9968420,1558,19,100000,-3434,1777,386653,15263,raw_ad5933_range4_pga1,0,0,0,0,0,0,0,0,0,0,0
status,9968540,1558,0,0,0,0,0,0,sweep_end,0,0,0,0,0,0,0,0,0,0,0
status,9971620,0,0,0,0,0,0,0,i2c_pc8_pc9_scan_start
status,9971784,0,0,0,0,0,0,0,i2c_pc8_pc9_found_0x68
status,9971860,0,0,0,0,0,0,0,i2c_pc8_pc9_scan_end_count_1
imu,9971945,0,0,0,0,0,0,0,imu_sample,0x68,0x68,-2696,6352,9032,-363,-161,354,-2768,0x00,0
status,9972049,1559,0,0,0,0,0,0,sweep_start_5k_to_100k,0,0,0,0,0,0,0,0,0,0,0
data,9972223,1559,0,5000,640,3725,377958,8025,raw_ad5933_range4_pga1,0,0,0,0,0,0,0,0,0,0,0
data,9972358,1559,1,10000,17,3889,388904,8974,raw_ad5933_range4_pga1,0,0,0,0,0,0,0,0,0,0,0
data,9972494,1559,2,15000,-349,3897,391260,9511,raw_ad5933_range4_pga1,0,0,0,0,0,0,0,0,0,0,0
data,9972632,1559,3,20000,-642,3876,392881,9940,raw_ad5933_range4_pga1,0,0,0,0,0,0,0,0,0,0,0
data,9972769,1559,4,25000,-900,3823,392751,10324,raw_ad5933_range4_pga1,0,0,0,0,0,0,0,0,0,0,0
data,9972908,1559,5,30000,-1138,3758,392653,10684,raw_ad5933_range4_pga1,0,0,0,0,0,0,0,0,0,0,0
data,9973048,1559,6,35000,-1363,3681,392524,11031,raw_ad5933_range4_pga1,0,0,0,0,0,0,0,0,0,0,0
data,9973188,1559,7,40000,-1577,3596,392659,11367,raw_ad5933_range4_pga1,0,0,0,0,0,0,0,0,0,0,0
data,9973328,1559,8,45000,-1787,3492,392268,11710,raw_ad5933_range4_pga1,0,0,0,0,0,0,0,0,0,0,0
data,9973469,1559,9,50000,-1979,3384,392019,12031,raw_ad5933_range4_pga1,0,0,0,0,0,0,0,0,0,0,0
data,9973609,1559,10,55000,-2171,3263,391924,12363,raw_ad5933_range4_pga1,0,0,0,0,0,0,0,0,0,0,0
data,9973750,1559,11,60000,-2350,3130,391400,12689,raw_ad5933_range4_pga1,0,0,0,0,0,0,0,0,0,0,0
data,9973891,1559,12,65000,-2520,2989,390954,13013,raw_ad5933_range4_pga1,0,0,0,0,0,0,0,0,0,0,0
data,9974032,1559,13,70000,-2681,2834,390119,13341,raw_ad5933_range4_pga1,0,0,0,0,0,0,0,0,0,0,0
data,9974173,1559,14,75000,-2831,2673,389352,13664,raw_ad5933_range4_pga1,0,0,0,0,0,0,0,0,0,0,0
data,9974314,1559,15,80000,-2974,2511,389227,13982,raw_ad5933_range4_pga1,0,0,0,0,0,0,0,0,0,0,0
data,9974455,1559,16,85000,-3108,2339,388981,14303,raw_ad5933_range4_pga1,0,0,0,0,0,0,0,0,0,0,0
data,9974597,1559,17,90000,-3229,2158,388374,14624,raw_ad5933_range4_pga1,0,0,0,0,0,0,0,0,0,0,0
data,9974738,1559,18,95000,-3339,1972,387785,14943,raw_ad5933_range4_pga1,0,0,0,0,0,0,0,0,0,0,0
data,9974879,1559,19,100000,-3435,1779,386834,15262,raw_ad5933_range4_pga1,0,0,0,0,0,0,0,0,0,0,0
status,9974999,1559,0,0,0,0,0,0,sweep_end,0,0,0,0,0,0,0,0,0,0,0
status,9978079,0,0,0,0,0,0,0,i2c_pc8_pc9_scan_start
status,9978243,0,0,0,0,0,0,0,i2c_pc8_pc9_found_0x68
status,9978319,0,0,0,0,0,0,0,i2c_pc8_pc9_scan_end_count_1
imu,9978404,0,0,0,0,0,0,0,imu_sample,0x68,0x68,-2652,6380,9084,-319,-95,390,-2752,0x00,0
status,9978507,1560,0,0,0,0,0,0,sweep_start_5k_to_100k,0,0,0,0,0,0,0,0,0,0,0
data,9978681,1560,0,5000,645,3726,378142,8017,raw_ad5933_range4_pga1,0,0,0,0,0,0,0,0,0,0,0
data,9978816,1560,1,10000,16,3895,389503,8976,raw_ad5933_range4_pga1,0,0,0,0,0,0,0,0,0,0,0
data,9978952,1560,2,15000,-350,3896,391169,9513,raw_ad5933_range4_pga1,0,0,0,0,0,0,0,0,0,0,0
data,9979090,1560,3,20000,-639,3873,392536,9936,raw_ad5933_range4_pga1,0,0,0,0,0,0,0,0,0,0,0
data,9979227,1560,4,25000,-899,3821,392533,10323,raw_ad5933_range4_pga1,0,0,0,0,0,0,0,0,0,0,0
data,9979366,1560,5,30000,-1139,3761,392969,10684,raw_ad5933_range4_pga1,0,0,0,0,0,0,0,0,0,0,0
data,9979506,1560,6,35000,-1365,3681,392594,11034,raw_ad5933_range4_pga1,0,0,0,0,0,0,0,0,0,0,0
data,9979646,1560,7,40000,-1575,3595,392488,11365,raw_ad5933_range4_pga1,0,0,0,0,0,0,0,0,0,0,0
data,9979786,1560,8,45000,-1786,3488,391867,11711,raw_ad5933_range4_pga1,0,0,0,0,0,0,0,0,0,0,0
data,9979927,1560,9,50000,-1983,3383,392135,12037,raw_ad5933_range4_pga1,0,0,0,0,0,0,0,0,0,0,0
data,9980067,1560,10,55000,-2171,3261,391757,12365,raw_ad5933_range4_pga1,0,0,0,0,0,0,0,0,0,0,0
data,9980208,1560,11,60000,-2349,3128,391180,12690,raw_ad5933_range4_pga1,0,0,0,0,0,0,0,0,0,0,0
data,9980349,1560,12,65000,-2519,2992,391119,13009,raw_ad5933_range4_pga1,0,0,0,0,0,0,0,0,0,0,0
data,9980490,1560,13,70000,-2685,2836,390540,13343,raw_ad5933_range4_pga1,0,0,0,0,0,0,0,0,0,0,0
data,9980631,1560,14,75000,-2830,2678,389623,13658,raw_ad5933_range4_pga1,0,0,0,0,0,0,0,0,0,0,0
data,9980772,1560,15,80000,-2978,2509,389404,13988,raw_ad5933_range4_pga1,0,0,0,0,0,0,0,0,0,0,0
data,9980914,1560,16,85000,-3110,2338,389080,14306,raw_ad5933_range4_pga1,0,0,0,0,0,0,0,0,0,0,0
data,9981055,1560,17,90000,-3227,2162,388430,14617,raw_ad5933_range4_pga1,0,0,0,0,0,0,0,0,0,0,0
data,9981196,1560,18,95000,-3339,1970,387683,14945,raw_ad5933_range4_pga1,0,0,0,0,0,0,0,0,0,0,0
data,9981337,1560,19,100000,-3435,1780,386880,15260,raw_ad5933_range4_pga1,0,0,0,0,0,0,0,0,0,0,0
status,9981457,1560,0,0,0,0,0,0,sweep_end,0,0,0,0,0,0,0,0,0,0,0
status,9984537,0,0,0,0,0,0,0,i2c_pc8_pc9_scan_start
status,9984701,0,0,0,0,0,0,0,i2c_pc8_pc9_found_0x68
status,9984777,0,0,0,0,0,0,0,i2c_pc8_pc9_scan_end_count_1
imu,9984862,0,0,0,0,0,0,0,imu_sample,0x68,0x68,-2584,6456,9076,-281,-8,379,-2768,0x00,0
status,9984964,1561,0,0,0,0,0,0,sweep_start_5k_to_100k,0,0,0,0,0,0,0,0,0,0,0
data,9985137,1561,0,5000,642,3727,378189,8022,raw_ad5933_range4_pga1,0,0,0,0,0,0,0,0,0,0,0
data,9985272,1561,1,10000,18,3891,389104,8973,raw_ad5933_range4_pga1,0,0,0,0,0,0,0,0,0,0,0
data,9985408,1561,2,15000,-348,3898,391350,9510,raw_ad5933_range4_pga1,0,0,0,0,0,0,0,0,0,0,0
data,9985546,1561,3,20000,-643,3878,393095,9941,raw_ad5933_range4_pga1,0,0,0,0,0,0,0,0,0,0,0
data,9985683,1561,4,25000,-899,3819,392339,10324,raw_ad5933_range4_pga1,0,0,0,0,0,0,0,0,0,0,0
data,9985822,1561,5,30000,-1134,3757,392441,10679,raw_ad5933_range4_pga1,0,0,0,0,0,0,0,0,0,0,0
data,9985962,1561,6,35000,-1365,3682,392688,11034,raw_ad5933_range4_pga1,0,0,0,0,0,0,0,0,0,0,0
data,9986103,1561,7,40000,-1575,3595,392488,11365,raw_ad5933_range4_pga1,0,0,0,0,0,0,0,0,0,0,0
data,9986243,1561,8,45000,-1779,3495,392172,11697,raw_ad5933_range4_pga1,0,0,0,0,0,0,0,0,0,0,0
data,9986383,1561,9,50000,-1985,3384,392322,12039,raw_ad5933_range4_pga1,0,0,0,0,0,0,0,0,0,0,0
data,9986523,1561,10,55000,-2169,3259,391480,12364,raw_ad5933_range4_pga1,0,0,0,0,0,0,0,0,0,0,0
data,9986664,1561,11,60000,-2345,3131,391180,12683,raw_ad5933_range4_pga1,0,0,0,0,0,0,0,0,0,0,0
data,9986805,1561,12,65000,-2523,2988,391071,13017,raw_ad5933_range4_pga1,0,0,0,0,0,0,0,0,0,0,0
data,9986946,1561,13,70000,-2681,2839,390483,13336,raw_ad5933_range4_pga1,0,0,0,0,0,0,0,0,0,0,0
data,9987087,1561,14,75000,-2830,2680,389760,13655,raw_ad5933_range4_pga1,0,0,0,0,0,0,0,0,0,0,0
data,9987229,1561,15,80000,-2976,2511,389380,13984,raw_ad5933_range4_pga1,0,0,0,0,0,0,0,0,0,0,0
data,9987370,1561,16,85000,-3105,2337,388621,14303,raw_ad5933_range4_pga1,0,0,0,0,0,0,0,0,0,0,0
data,9987511,1561,17,90000,-3227,2160,388319,14620,raw_ad5933_range4_pga1,0,0,0,0,0,0,0,0,0,0,0
data,9987652,1561,18,95000,-3337,1971,387562,14943,raw_ad5933_range4_pga1,0,0,0,0,0,0,0,0,0,0,0
data,9987793,1561,19,100000,-3433,1782,386795,15256,raw_ad5933_range4_pga1,0,0,0,0,0,0,0,0,0,0,0
status,9987914,1561,0,0,0,0,0,0,sweep_end,0,0,0,0,0,0,0,0,0,0,0
status,9990993,0,0,0,0,0,0,0,i2c_pc8_pc9_scan_start
status,9991157,0,0,0,0,0,0,0,i2c_pc8_pc9_found_0x68
status,9991233,0,0,0,0,0,0,0,i2c_pc8_pc9_scan_end_count_1
imu,9991318,0,0,0,0,0,0,0,imu_sample,0x68,0x68,-2540,6476,8916,-370,13,436,-2768,0x00,0
status,9991420,1562,0,0,0,0,0,0,sweep_start_5k_to_100k,0,0,0,0,0,0,0,0,0,0,0
data,9991594,1562,0,5000,642,3728,378288,8022,raw_ad5933_range4_pga1,0,0,0,0,0,0,0,0,0,0,0
data,9991729,1562,1,10000,16,3890,389003,8976,raw_ad5933_range4_pga1,0,0,0,0,0,0,0,0,0,0,0
data,9991865,1562,2,15000,-343,3897,391207,9503,raw_ad5933_range4_pga1,0,0,0,0,0,0,0,0,0,0,0
data,9992003,1562,3,20000,-643,3875,392799,9942,raw_ad5933_range4_pga1,0,0,0,0,0,0,0,0,0,0,0
data,9992140,1562,4,25000,-899,3820,392436,10324,raw_ad5933_range4_pga1,0,0,0,0,0,0,0,0,0,0,0
data,9992279,1562,5,30000,-1139,3760,392873,10685,raw_ad5933_range4_pga1,0,0,0,0,0,0,0,0,0,0,0
data,9992419,1562,6,35000,-1363,3685,392899,11029,raw_ad5933_range4_pga1,0,0,0,0,0,0,0,0,0,0,0
data,9992560,1562,7,40000,-1576,3598,392803,11365,raw_ad5933_range4_pga1,0,0,0,0,0,0,0,0,0,0,0
data,9992700,1562,8,45000,-1784,3496,392488,11703,raw_ad5933_range4_pga1,0,0,0,0,0,0,0,0,0,0,0
data,9992840,1562,9,50000,-1984,3379,391840,12041,raw_ad5933_range4_pga1,0,0,0,0,0,0,0,0,0,0,0
data,9992980,1562,10,55000,-2172,3257,391480,12369,raw_ad5933_range4_pga1,0,0,0,0,0,0,0,0,0,0,0
data,9993121,1562,11,60000,-2344,3123,390480,12689,raw_ad5933_range4_pga1,0,0,0,0,0,0,0,0,0,0,0
data,9993262,1562,12,65000,-2521,2992,391248,13011,raw_ad5933_range4_pga1,0,0,0,0,0,0,0,0,0,0,0
data,9993403,1562,13,70000,-2680,2834,390051,13340,raw_ad5933_range4_pga1,0,0,0,0,0,0,0,0,0,0,0
data,9993544,1562,14,75000,-2836,2684,390471,13657,raw_ad5933_range4_pga1,0,0,0,0,0,0,0,0,0,0,0
data,9993686,1562,15,80000,-2974,2517,389615,13975,raw_ad5933_range4_pga1,0,0,0,0,0,0,0,0,0,0,0
data,9993827,1562,16,85000,-3107,2341,389021,14300,raw_ad5933_range4_pga1,0,0,0,0,0,0,0,0,0,0,0
data,9993968,1562,17,90000,-3228,2155,388124,14627,raw_ad5933_range4_pga1,0,0,0,0,0,0,0,0,0,0,0
data,9994109,1562,18,95000,-3336,1972,387527,14941,raw_ad5933_range4_pga1,0,0,0,0,0,0,0,0,0,0,0
data,9994250,1562,19,100000,-3435,1779,386834,15262,raw_ad5933_range4_pga1,0,0,0,0,0,0,0,0,0,0,0
status,9994371,1562,0,0,0,0,0,0,sweep_end,0,0,0,0,0,0,0,0,0,0,0
status,9997450,0,0,0,0,0,0,0,i2c_pc8_pc9_scan_start
status,9997614,0,0,0,0,0,0,0,i2c_pc8_pc9_found_0x68
status,9997690,0,0,0,0,0,0,0,i2c_pc8_pc9_scan_end_count_1
imu,9997775,0,0,0,0,0,0,0,imu_sample,0x68,0x68,-2728,6424,9076,-369,20,416,-2768,0x00,0
status,9997877,1563,0,0,0,0,0,0,sweep_start_5k_to_100k,0,0,0,0,0,0,0,0,0,0,0
data,9998051,1563,0,5000,644,3729,378420,8020,raw_ad5933_range4_pga1,0,0,0,0,0,0,0,0,0,0,0
data,9998186,1563,1,10000,14,3895,389503,8979,raw_ad5933_range4_pga1,0,0,0,0,0,0,0,0,0,0,0
data,9998322,1563,2,15000,-350,3899,391468,9512,raw_ad5933_range4_pga1,0,0,0,0,0,0,0,0,0,0,0
data,9998460,1563,3,20000,-644,3872,392519,9944,raw_ad5933_range4_pga1,0,0,0,0,0,0,0,0,0,0,0
data,9998597,1563,4,25000,-900,3819,392362,10326,raw_ad5933_range4_pga1,0,0,0,0,0,0,0,0,0,0,0
data,9998736,1563,5,30000,-1134,3761,392824,10677,raw_ad5933_range4_pga1,0,0,0,0,0,0,0,0,0,0,0
data,9998876,1563,6,35000,-1364,3680,392465,11033,raw_ad5933_range4_pga1,0,0,0,0,0,0,0,0,0,0,0
data,9999017,1563,7,40000,-1574,3598,392722,11362,raw_ad5933_range4_pga1,0,0,0,0,0,0,0,0,0,0,0
data,9999157,1563,8,45000,-1788,3493,392403,11710,raw_ad5933_range4_pga1,0,0,0,0,0,0,0,0,0,0,0
data,9999297,1563,9,50000,-1983,3383,392135,12037,raw_ad5933_range4_pga1,0,0,0,0,0,0,0,0,0,0,0
data,9999437,1563,10,55000,-2167,3262,391619,12359,raw_ad5933_range4_pga1,0,0,0,0,0,0,0,0,0,0,0
data,9999578,1563,11,60000,-2350,3128,391240,12691,raw_ad5933_range4_pga1,0,0,0,0,0,0,0,0,0,0,0
data,9999719,1563,12,65000,-2524,2989,391212,13017,raw_ad5933_range4_pga1,0,0,0,0,0,0,0,0,0,0,0
data,9999860,1563,13,70000,-2680,2836,390196,13338,raw_ad5933_range4_pga1,0,0,0,0,0,0,0,0,0,0,0
data,10000001,1563,14,75000,-2831,2678,389695,13659,raw_ad5933_range4_pga1,0,0,0,0,0,0,0,0,0,0,0
data,10000144,1563,15,80000,-2972,2511,389075,13980,raw_ad5933_range4_pga1,0,0,0,0,0,0,0,0,0,0,0
data,10000286,1563,16,85000,-3106,2338,388761,14302,raw_ad5933_range4_pga1,0,0,0,0,0,0,0,0,0,0,0
data,10000428,1563,17,90000,-3229,2151,387985,14633,raw_ad5933_range4_pga1,0,0,0,0,0,0,0,0,0,0,0
data,10000570,1563,18,95000,-3339,1972,387785,14943,raw_ad5933_range4_pga1,0,0,0,0,0,0,0,0,0,0,0
data,10000713,1563,19,100000,-3434,1781,386837,15258,raw_ad5933_range4_pga1,0,0,0,0,0,0,0,0,0,0,0
status,10000834,1563,0,0,0,0,0,0,sweep_end,0,0,0,0,0,0,0,0,0,0,0
status,10003915,0,0,0,0,0,0,0,i2c_pc8_pc9_scan_start
status,10004080,0,0,0,0,0,0,0,i2c_pc8_pc9_found_0x68
status,10004158,0,0,0,0,0,0,0,i2c_pc8_pc9_scan_end_count_1
imu,10004243,0,0,0,0,0,0,0,imu_sample,0x68,0x68,-2592,6384,8940,-367,-26,415,-2752,0x00,0
status,10004347,1564,0,0,0,0,0,0,sweep_start_5k_to_100k,0,0,0,0,0,0,0,0,0,0,0
data,10004522,1564,0,5000,644,3724,377927,8018,raw_ad5933_range4_pga1,0,0,0,0,0,0,0,0,0,0,0
data,10004658,1564,1,10000,17,3892,389204,8974,raw_ad5933_range4_pga1,0,0,0,0,0,0,0,0,0,0,0
data,10004795,1564,2,15000,-351,3899,391477,9514,raw_ad5933_range4_pga1,0,0,0,0,0,0,0,0,0,0,0
data,10004934,1564,3,20000,-641,3874,392667,9939,raw_ad5933_range4_pga1,0,0,0,0,0,0,0,0,0,0,0
data,10005073,1564,4,25000,-898,3822,392608,10322,raw_ad5933_range4_pga1,0,0,0,0,0,0,0,0,0,0,0
data,10005213,1564,5,30000,-1133,3759,392604,10677,raw_ad5933_range4_pga1,0,0,0,0,0,0,0,0,0,0,0
data,10005354,1564,6,35000,-1359,3688,393042,11022,raw_ad5933_range4_pga1,0,0,0,0,0,0,0,0,0,0,0
data,10005495,1564,7,40000,-1571,3595,392327,11360,raw_ad5933_range4_pga1,0,0,0,0,0,0,0,0,0,0,0
data,10005636,1564,8,45000,-1784,3497,392577,11702,raw_ad5933_range4_pga1,0,0,0,0,0,0,0,0,0,0,0
data,10005778,1564,9,50000,-1984,3384,392272,12038,raw_ad5933_range4_pga1,0,0,0,0,0,0,0,0,0,0,0
data,10005919,1564,10,55000,-2167,3258,391286,12362,raw_ad5933_range4_pga1,0,0,0,0,0,0,0,0,0,0,0
data,10006061,1564,11,60000,-2352,3129,391440,12693,raw_ad5933_range4_pga1,0,0,0,0,0,0,0,0,0,0,0
data,10006203,1564,12,65000,-2522,2990,391160,13014,raw_ad5933_range4_pga1,0,0,0,0,0,0,0,0,0,0,0
data,10006346,1564,13,70000,-2677,2838,390136,13332,raw_ad5933_range4_pga1,0,0,0,0,0,0,0,0,0,0,0
data,10006488,1564,14,75000,-2831,2681,389902,13655,raw_ad5933_range4_pga1,0,0,0,0,0,0,0,0,0,0,0
data,10006630,1564,15,80000,-2974,2513,389356,13980,raw_ad5933_range4_pga1,0,0,0,0,0,0,0,0,0,0,0
data,10006772,1564,16,85000,-3111,2342,389401,14302,raw_ad5933_range4_pga1,0,0,0,0,0,0,0,0,0,0,0
data,10006915,1564,17,90000,-3232,2156,388512,14629,raw_ad5933_range4_pga1,0,0,0,0,0,0,0,0,0,0,0
data,10007057,1564,18,95000,-3339,1975,387937,14939,raw_ad5933_range4_pga1,0,0,0,0,0,0,0,0,0,0,0
data,10007199,1564,19,100000,-3432,1782,386706,15256,raw_ad5933_range4_pga1,0,0,0,0,0,0,0,0,0,0,0
status,10007321,1564,0,0,0,0,0,0,sweep_end,0,0,0,0,0,0,0,0,0,0,0
status,10010402,0,0,0,0,0,0,0,i2c_pc8_pc9_scan_start
status,10010567,0,0,0,0,0,0,0,i2c_pc8_pc9_found_0x68
status,10010645,0,0,0,0,0,0,0,i2c_pc8_pc9_scan_end_count_1
imu,10010730,0,0,0,0,0,0,0,imu_sample,0x68,0x68,-2480,6472,9064,-312,-273,342,-2768,0x00,0
status,10010835,1565,0,0,0,0,0,0,sweep_start_5k_to_100k,0,0,0,0,0,0,0,0,0,0,0
data,10011011,1565,0,5000,640,3725,377958,8025,raw_ad5933_range4_pga1,0,0,0,0,0,0,0,0,0,0,0
data,10011147,1565,1,10000,18,3892,389204,8973,raw_ad5933_range4_pga1,0,0,0,0,0,0,0,0,0,0,0
data,10011284,1565,2,15000,-348,3901,391649,9509,raw_ad5933_range4_pga1,0,0,0,0,0,0,0,0,0,0,0
data,10011423,1565,3,20000,-640,3871,392355,9938,raw_ad5933_range4_pga1,0,0,0,0,0,0,0,0,0,0,0
data,10011562,1565,4,25000,-898,3819,392316,10323,raw_ad5933_range4_pga1,0,0,0,0,0,0,0,0,0,0,0
data,10011702,1565,5,30000,-1137,3759,392719,10682,raw_ad5933_range4_pga1,0,0,0,0,0,0,0,0,0,0,0
data,10011843,1565,6,35000,-1364,3679,392371,11034,raw_ad5933_range4_pga1,0,0,0,0,0,0,0,0,0,0,0
data,10011984,1565,7,40000,-1573,3598,392682,11361,raw_ad5933_range4_pga1,0,0,0,0,0,0,0,0,0,0,0
data,10012126,1565,8,45000,-1780,3497,392395,11697,raw_ad5933_range4_pga1,0,0,0,0,0,0,0,0,0,0,0
data,10012267,1565,9,50000,-1986,3377,391769,12045,raw_ad5933_range4_pga1,0,0,0,0,0,0,0,0,0,0,0
data,10012408,1565,10,55000,-2168,3261,391591,12361,raw_ad5933_range4_pga1,0,0,0,0,0,0,0,0,0,0,0
data,10012550,1565,11,60000,-2349,3126,391020,12692,raw_ad5933_range4_pga1,0,0,0,0,0,0,0,0,0,0,0
data,10012692,1565,12,65000,-2518,2990,390902,13010,raw_ad5933_range4_pga1,0,0,0,0,0,0,0,0,0,0,0
data,10012835,1565,13,70000,-2681,2837,390337,13338,raw_ad5933_range4_pga1,0,0,0,0,0,0,0,0,0,0,0
data,10012977,1565,14,75000,-2833,2676,389703,13663,raw_ad5933_range4_pga1,0,0,0,0,0,0,0,0,0,0,0
data,10013119,1565,15,80000,-2974,2514,389421,13979,raw_ad5933_range4_pga1,0,0,0,0,0,0,0,0,0,0,0
data,10013262,1565,16,85000,-3104,2339,388661,14300,raw_ad5933_range4_pga1,0,0,0,0,0,0,0,0,0,0,0
data,10013404,1565,17,90000,-3232,2158,388623,14626,raw_ad5933_range4_pga1,0,0,0,0,0,0,0,0,0,0,0
data,10013546,1565,18,95000,-3341,1969,387805,14948,raw_ad5933_range4_pga1,0,0,0,0,0,0,0,0,0,0,0
data,10013688,1565,19,100000,-3434,1781,386837,15258,raw_ad5933_range4_pga1,0,0,0,0,0,0,0,0,0,0,0
status,10013810,1565,0,0,0,0,0,0,sweep_end,0,0,0,0,0,0,0,0,0,0,0
status,10016891,0,0,0,0,0,0,0,i2c_pc8_pc9_scan_start
status,10017056,0,0,0,0,0,0,0,i2c_pc8_pc9_found_0x68
status,10017134,0,0,0,0,0,0,0,i2c_pc8_pc9_scan_end_count_1
imu,10017219,0,0,0,0,0,0,0,imu_sample,0x68,0x68,-2576,6344,9024,-367,-51,409,-2768,0x00,0
status,10017323,1566,0,0,0,0,0,0,sweep_start_5k_to_100k,0,0,0,0,0,0,0,0,0,0,0
data,10017498,1566,0,5000,641,3730,378468,8024,raw_ad5933_range4_pga1,0,0,0,0,0,0,0,0,0,0,0
data,10017634,1566,1,10000,7,3895,389501,8989,raw_ad5933_range4_pga1,0,0,0,0,0,0,0,0,0,0,0
data,10017770,1566,2,15000,-345,3900,391523,9505,raw_ad5933_range4_pga1,0,0,0,0,0,0,0,0,0,0,0
data,10017909,1566,3,20000,-641,3878,393062,9938,raw_ad5933_range4_pga1,0,0,0,0,0,0,0,0,0,0,0
data,10018048,1566,4,25000,-898,3827,393095,10320,raw_ad5933_range4_pga1,0,0,0,0,0,0,0,0,0,0,0
data,10018188,1566,5,30000,-1141,3754,392357,10690,raw_ad5933_range4_pga1,0,0,0,0,0,0,0,0,0,0,0
data,10018329,1566,6,35000,-1359,3681,392386,11026,raw_ad5933_range4_pga1,0,0,0,0,0,0,0,0,0,0,0
data,10018470,1566,7,40000,-1576,3596,392619,11366,raw_ad5933_range4_pga1,0,0,0,0,0,0,0,0,0,0,0
data,10018611,1566,8,45000,-1788,3494,392492,11710,raw_ad5933_range4_pga1,0,0,0,0,0,0,0,0,0,0,0
data,10018752,1566,9,50000,-1977,3384,391918,12029,raw_ad5933_range4_pga1,0,0,0,0,0,0,0,0,0,0,0
data,10018894,1566,10,55000,-2171,3256,391341,12369,raw_ad5933_range4_pga1,0,0,0,0,0,0,0,0,0,0,0
data,10019036,1566,11,60000,-2341,3129,390780,12680,raw_ad5933_range4_pga1,0,0,0,0,0,0,0,0,0,0,0
data,10019178,1566,12,65000,-2520,2987,390801,13015,raw_ad5933_range4_pga1,0,0,0,0,0,0,0,0,0,0,0
data,10019321,1566,13,70000,-2685,2837,390612,13342,raw_ad5933_range4_pga1,0,0,0,0,0,0,0,0,0,0,0
data,10019463,1566,14,75000,-2830,2678,389623,13658,raw_ad5933_range4_pga1,0,0,0,0,0,0,0,0,0,0,0
data,10019605,1566,15,80000,-2973,2516,389474,13975,raw_ad5933_range4_pga1,0,0,0,0,0,0,0,0,0,0,0
data,10019747,1566,16,85000,-3103,2339,388581,14299,raw_ad5933_range4_pga1,0,0,0,0,0,0,0,0,0,0,0
data,10019890,1566,17,90000,-3227,2160,388319,14620,raw_ad5933_range4_pga1,0,0,0,0,0,0,0,0,0,0,0
data,10020032,1566,18,95000,-3334,1970,387253,14942,raw_ad5933_range4_pga1,0,0,0,0,0,0,0,0,0,0,0
data,10020174,1566,19,100000,-3437,1779,387012,15263,raw_ad5933_range4_pga1,0,0,0,0,0,0,0,0,0,0,0
status,10020296,1566,0,0,0,0,0,0,sweep_end,0,0,0,0,0,0,0,0,0,0,0
status,10023377,0,0,0,0,0,0,0,i2c_pc8_pc9_scan_start
status,10023542,0,0,0,0,0,0,0,i2c_pc8_pc9_found_0x68
status,10023620,0,0,0,0,0,0,0,i2c_pc8_pc9_scan_end_count_1
imu,10023705,0,0,0,0,0,0,0,imu_sample,0x68,0x68,-2644,6224,8936,-378,49,424,-2752,0x00,0
status,10023808,1567,0,0,0,0,0,0,sweep_start_5k_to_100k,0,0,0,0,0,0,0,0,0,0,0
data,10023983,1567,0,5000,643,3723,377812,8020,raw_ad5933_range4_pga1,0,0,0,0,0,0,0,0,0,0,0
data,10024119,1567,1,10000,18,3890,389004,8973,raw_ad5933_range4_pga1,0,0,0,0,0,0,0,0,0,0,0
data,10024256,1567,2,15000,-350,3898,391368,9513,raw_ad5933_range4_pga1,0,0,0,0,0,0,0,0,0,0,0
data,10024395,1567,3,20000,-646,3873,392651,9946,raw_ad5933_range4_pga1,0,0,0,0,0,0,0,0,0,0,0
data,10024534,1567,4,25000,-895,3822,392539,10317,raw_ad5933_range4_pga1,0,0,0,0,0,0,0,0,0,0,0
data,10024674,1567,5,30000,-1137,3758,392624,10683,raw_ad5933_range4_pga1,0,0,0,0,0,0,0,0,0,0,0
data,10024815,1567,6,35000,-1367,3681,392663,11037,raw_ad5933_range4_pga1,0,0,0,0,0,0,0,0,0,0,0
data,10024956,1567,7,40000,-1575,3599,392854,11363,raw_ad5933_range4_pga1,0,0,0,0,0,0,0,0,0,0,0
data,10025097,1567,8,45000,-1780,3488,391593,11703,raw_ad5933_range4_pga1,0,0,0,0,0,0,0,0,0,0,0
data,10025239,1567,9,50000,-1984,3380,391927,12041,raw_ad5933_range4_pga1,0,0,0,0,0,0,0,0,0,0,0
data,10025380,1567,10,55000,-2169,3265,391979,12359,raw_ad5933_range4_pga1,0,0,0,0,0,0,0,0,0,0,0
data,10025522,1567,11,60000,-2351,3124,390981,12696,raw_ad5933_range4_pga1,0,0,0,0,0,0,0,0,0,0,0
data,10025664,1567,12,65000,-2520,2988,390878,13014,raw_ad5933_range4_pga1,0,0,0,0,0,0,0,0,0,0,0
data,10025807,1567,13,70000,-2679,2836,390127,13336,raw_ad5933_range4_pga1,0,0,0,0,0,0,0,0,0,0,0
data,10025949,1567,14,75000,-2835,2673,389643,13668,raw_ad5933_range4_pga1,0,0,0,0,0,0,0,0,0,0,0
data,10026091,1567,15,80000,-2975,2511,389304,13983,raw_ad5933_range4_pga1,0,0,0,0,0,0,0,0,0,0,0
data,10026233,1567,16,85000,-3106,2336,388640,14305,raw_ad5933_range4_pga1,0,0,0,0,0,0,0,0,0,0,0
data,10026376,1567,17,90000,-3234,2160,388900,14626,raw_ad5933_range4_pga1,0,0,0,0,0,0,0,0,0,0,0
data,10026518,1567,18,95000,-3337,1972,387613,14941,raw_ad5933_range4_pga1,0,0,0,0,0,0,0,0,0,0,0
data,10026660,1567,19,100000,-3433,1781,386749,15258,raw_ad5933_range4_pga1,0,0,0,0,0,0,0,0,0,0,0
status,10026782,1567,0,0,0,0,0,0,sweep_end,0,0,0,0,0,0,0,0,0,0,0
status,10029863,0,0,0,0,0,0,0,i2c_pc8_pc9_scan_start
status,10030028,0,0,0,0,0,0,0,i2c_pc8_pc9_found_0x68
status,10030106,0,0,0,0,0,0,0,i2c_pc8_pc9_scan_end_count_1
imu,10030191,0,0,0,0,0,0,0,imu_sample,0x68,0x68,-2632,6384,9068,-355,-47,401,-2768,0x00,0
status,10030295,1568,0,0,0,0,0,0,sweep_start_5k_to_100k,0,0,0,0,0,0,0,0,0,0,0
data,10030470,1568,0,5000,637,3725,377907,8029,raw_ad5933_range4_pga1,0,0,0,0,0,0,0,0,0,0,0
data,10030606,1568,1,10000,18,3890,389004,8973,raw_ad5933_range4_pga1,0,0,0,0,0,0,0,0,0,0,0
data,10030743,1568,2,15000,-347,3895,391043,9509,raw_ad5933_range4_pga1,0,0,0,0,0,0,0,0,0,0,0
data,10030882,1568,3,20000,-643,3877,392996,9941,raw_ad5933_range4_pga1,0,0,0,0,0,0,0,0,0,0,0
data,10031021,1568,4,25000,-898,3822,392608,10322,raw_ad5933_range4_pga1,0,0,0,0,0,0,0,0,0,0,0
data,10031161,1568,5,30000,-1135,3756,392374,10681,raw_ad5933_range4_pga1,0,0,0,0,0,0,0,0,0,0,0
data,10031302,1568,6,35000,-1359,3681,392386,11026,raw_ad5933_range4_pga1,0,0,0,0,0,0,0,0,0,0,0
data,10031443,1568,7,40000,-1582,3597,392952,11374,raw_ad5933_range4_pga1,0,0,0,0,0,0,0,0,0,0,0
data,10031584,1568,8,45000,-1780,3491,391861,11701,raw_ad5933_range4_pga1,0,0,0,0,0,0,0,0,0,0,0
data,10031726,1568,9,50000,-1982,3386,392343,12034,raw_ad5933_range4_pga1,0,0,0,0,0,0,0,0,0,0,0
data,10031867,1568,10,55000,-2174,3264,392173,12366,raw_ad5933_range4_pga1,0,0,0,0,0,0,0,0,0,0,0
data,10032009,1568,11,60000,-2348,3118,390321,12698,raw_ad5933_range4_pga1,0,0,0,0,0,0,0,0,0,0,0
data,10032151,1568,12,65000,-2525,2988,391200,13019,raw_ad5933_range4_pga1,0,0,0,0,0,0,0,0,0,0,0
data,10032294,1568,13,70000,-2684,2835,390398,13343,raw_ad5933_range4_pga1,0,0,0,0,0,0,0,0,0,0,0
data,10032436,1568,14,75000,-2829,2681,389756,13653,raw_ad5933_range4_pga1,0,0,0,0,0,0,0,0,0,0,0
data,10032578,1568,15,80000,-2978,2510,389469,13987,raw_ad5933_range4_pga1,0,0,0,0,0,0,0,0,0,0,0
data,10032720,1568,16,85000,-3105,2337,388621,14303,raw_ad5933_range4_pga1,0,0,0,0,0,0,0,0,0,0,0
data,10032863,1568,17,90000,-3227,2151,387819,14631,raw_ad5933_range4_pga1,0,0,0,0,0,0,0,0,0,0,0
data,10033005,1568,18,95000,-3340,1974,387973,14941,raw_ad5933_range4_pga1,0,0,0,0,0,0,0,0,0,0,0
data,10033147,1568,19,100000,-3435,1781,386926,15259,raw_ad5933_range4_pga1,0,0,0,0,0,0,0,0,0,0,0
status,10033269,1568,0,0,0,0,0,0,sweep_end,0,0,0,0,0,0,0,0,0,0,0
status,10036350,0,0,0,0,0,0,0,i2c_pc8_pc9_scan_start
status,10036515,0,0,0,0,0,0,0,i2c_pc8_pc9_found_0x68
status,10036593,0,0,0,0,0,0,0,i2c_pc8_pc9_scan_end_count_1
imu,10036678,0,0,0,0,0,0,0,imu_sample,0x68,0x68,-2616,6412,9036,-359,43,408,-2768,0x00,0
status,10036781,1569,0,0,0,0,0,0,sweep_start_5k_to_100k,0,0,0,0,0,0,0,0,0,0,0
data,10036956,1569,0,5000,642,3729,378386,8023,raw_ad5933_range4_pga1,0,0,0,0,0,0,0,0,0,0,0
data,10037092,1569,1,10000,16,3891,389103,8976,raw_ad5933_range4_pga1,0,0,0,0,0,0,0,0,0,0,0
data,10037229,1569,2,15000,-354,3898,391404,9518,raw_ad5933_range4_pga1,0,0,0,0,0,0,0,0,0,0,0
data,10037368,1569,3,20000,-645,3875,392831,9945,raw_ad5933_range4_pga1,0,0,0,0,0,0,0,0,0,0,0
data,10037507,1569,4,25000,-898,3819,392316,10323,raw_ad5933_range4_pga1,0,0,0,0,0,0,0,0,0,0,0
data,10037647,1569,5,30000,-1131,3756,392259,10675,raw_ad5933_range4_pga1,0,0,0,0,0,0,0,0,0,0,0
data,10037788,1569,6,35000,-1359,3687,392948,11023,raw_ad5933_range4_pga1,0,0,0,0,0,0,0,0,0,0,0
data,10037929,1569,7,40000,-1573,3596,392499,11362,raw_ad5933_range4_pga1,0,0,0,0,0,0,0,0,0,0,0
data,10038070,1569,8,45000,-1788,3494,392492,11710,raw_ad5933_range4_pga1,0,0,0,0,0,0,0,0,0,0,0
data,10038212,1569,9,50000,-1981,3382,391948,12035,raw_ad5933_range4_pga1,0,0,0,0,0,0,0,0,0,0,0
data,10038353,1569,10,55000,-2171,3258,391507,12367,raw_ad5933_range4_pga1,0,0,0,0,0,0,0,0,0,0,0
data,10038495,1569,11,60000,-2348,3131,391360,12686,raw_ad5933_range4_pga1,0,0,0,0,0,0,0,0,0,0,0
data,10038637,1569,12,65000,-2527,2988,391329,13022,raw_ad5933_range4_pga1,0,0,0,0,0,0,0,0,0,0,0
data,10038780,1569,13,70000,-2683,2835,390330,13342,raw_ad5933_range4_pga1,0,0,0,0,0,0,0,0,0,0,0
data,10038922,1569,14,75000,-2832,2676,389631,13662,raw_ad5933_range4_pga1,0,0,0,0,0,0,0,0,0,0,0
data,10039064,1569,15,80000,-2972,2515,389333,13976,raw_ad5933_range4_pga1,0,0,0,0,0,0,0,0,0,0,0
data,10039206,1569,16,85000,-3114,2339,389460,14308,raw_ad5933_range4_pga1,0,0,0,0,0,0,0,0,0,0,0
data,10039349,1569,17,90000,-3228,2160,388402,14621,raw_ad5933_range4_pga1,0,0,0,0,0,0,0,0,0,0,0
data,10039491,1569,18,95000,-3336,1968,387323,14946,raw_ad5933_range4_pga1,0,0,0,0,0,0,0,0,0,0,0
data,10039633,1569,19,100000,-3437,1779,387012,15263,raw_ad5933_range4_pga1,0,0,0,0,0,0,0,0,0,0,0
status,10039755,1569,0,0,0,0,0,0,sweep_end,0,0,0,0,0,0,0,0,0,0,0
status,10042836,0,0,0,0,0,0,0,i2c_pc8_pc9_scan_start
status,10043001,0,0,0,0,0,0,0,i2c_pc8_pc9_found_0x68
status,10043079,0,0,0,0,0,0,0,i2c_pc8_pc9_scan_end_count_1
imu,10043164,0,0,0,0,0,0,0,imu_sample,0x68,0x68,-2592,6428,8944,-400,169,477,-2752,0x00,0
status,10043268,1570,0,0,0,0,0,0,sweep_start_5k_to_100k,0,0,0,0,0,0,0,0,0,0,0
data,10043443,1570,0,5000,646,3730,378553,8017,raw_ad5933_range4_pga1,0,0,0,0,0,0,0,0,0,0,0
data,10043579,1570,1,10000,13,3893,389302,8980,raw_ad5933_range4_pga1,0,0,0,0,0,0,0,0,0,0,0
data,10043716,1570,2,15000,-346,3894,390934,9507,raw_ad5933_range4_pga1,0,0,0,0,0,0,0,0,0,0,0
data,10043855,1570,3,20000,-642,3873,392585,9941,raw_ad5933_range4_pga1,0,0,0,0,0,0,0,0,0,0,0
data,10043994,1570,4,25000,-900,3822,392654,10325,raw_ad5933_range4_pga1,0,0,0,0,0,0,0,0,0,0,0
data,10044134,1570,5,30000,-1140,3770,393859,10682,raw_ad5933_range4_pga1,0,0,0,0,0,0,0,0,0,0,0
data,10044275,1570,6,35000,-1369,3684,393014,11038,raw_ad5933_range4_pga1,0,0,0,0,0,0,0,0,0,0,0
data,10044416,1570,7,40000,-1569,3595,392247,11357,raw_ad5933_range4_pga1,0,0,0,0,0,0,0,0,0,0,0
data,10044557,1570,8,45000,-1778,3491,391770,11699,raw_ad5933_range4_pga1,0,0,0,0,0,0,0,0,0,0,0
data,10044699,1570,9,50000,-1983,3388,392566,12034,raw_ad5933_range4_pga1,0,0,0,0,0,0,0,0,0,0,0
data,10044840,1570,10,55000,-2168,3260,391508,12362,raw_ad5933_range4_pga1,0,0,0,0,0,0,0,0,0,0,0
data,10044982,1570,11,60000,-2350,3127,391160,12692,raw_ad5933_range4_pga1,0,0,0,0,0,0,0,0,0,0,0
data,10045124,1570,12,65000,-2516,2993,391003,13005,raw_ad5933_range4_pga1,0,0,0,0,0,0,0,0,0,0,0
data,10045267,1570,13,70000,-2682,2833,390116,13343,raw_ad5933_range4_pga1,0,0,0,0,0,0,0,0,0,0,0
data,10045409,1570,14,75000,-2835,2678,389986,13663,raw_ad5933_range4_pga1,0,0,0,0,0,0,0,0,0,0,0
data,10045551,1570,15,80000,-2975,2515,389562,13978,raw_ad5933_range4_pga1,0,0,0,0,0,0,0,0,0,0,0
data,10045694,1570,16,85000,-3109,2342,389241,14300,raw_ad5933_range4_pga1,0,0,0,0,0,0,0,0,0,0,0
data,10045836,1570,17,90000,-3225,2160,388152,14618,raw_ad5933_range4_pga1,0,0,0,0,0,0,0,0,0,0,0
data,10045978,1570,18,95000,-3341,1974,388059,14942,raw_ad5933_range4_pga1,0,0,0,0,0,0,0,0,0,0,0
data,10046120,1570,19,100000,-3435,1787,387203,15251,raw_ad5933_range4_pga1,0,0,0,0,0,0,0,0,0,0,0
status,10046242,1570,0,0,0,0,0,0,sweep_end,0,0,0,0,0,0,0,0,0,0,0
status,10049323,0,0,0,0,0,0,0,i2c_pc8_pc9_scan_start
status,10049488,0,0,0,0,0,0,0,i2c_pc8_pc9_found_0x68
status,10049566,0,0,0,0,0,0,0,i2c_pc8_pc9_scan_end_count_1
imu,10049651,0,0,0,0,0,0,0,imu_sample,0x68,0x68,-2592,6288,8984,-351,80,435,-2768,0x00,0
status,10049754,1571,0,0,0,0,0,0,sweep_start_5k_to_100k,0,0,0,0,0,0,0,0,0,0,0
data,10049929,1571,0,5000,641,3724,377876,8023,raw_ad5933_range4_pga1,0,0,0,0,0,0,0,0,0,0,0
data,10050065,1571,1,10000,17,3889,388904,8974,raw_ad5933_range4_pga1,0,0,0,0,0,0,0,0,0,0,0
data,10050202,1571,2,15000,-353,3898,391395,9517,raw_ad5933_range4_pga1,0,0,0,0,0,0,0,0,0,0,0
data,10050341,1571,3,20000,-638,3878,393013,9934,raw_ad5933_range4_pga1,0,0,0,0,0,0,0,0,0,0,0
data,10050480,1571,4,25000,-900,3820,392459,10325,raw_ad5933_range4_pga1,0,0,0,0,0,0,0,0,0,0,0
data,10050620,1571,5,30000,-1135,3759,392662,10680,raw_ad5933_range4_pga1,0,0,0,0,0,0,0,0,0,0,0
data,10050761,1571,6,35000,-1363,3682,392618,11031,raw_ad5933_range4_pga1,0,0,0,0,0,0,0,0,0,0,0
data,10050902,1571,7,40000,-1575,3601,393037,11362,raw_ad5933_range4_pga1,0,0,0,0,0,0,0,0,0,0,0
data,10051044,1571,8,45000,-1789,3496,392715,11710,raw_ad5933_range4_pga1,0,0,0,0,0,0,0,0,0,0,0
data,10051185,1571,9,50000,-1986,3382,392200,12042,raw_ad5933_range4_pga1,0,0,0,0,0,0,0,0,0,0,0
data,10051326,1571,10,55000,-2169,3258,391397,12365,raw_ad5933_range4_pga1,0,0,0,0,0,0,0,0,0,0,0
data,10051468,1571,11,60000,-2352,3129,391440,12693,raw_ad5933_range4_pga1,0,0,0,0,0,0,0,0,0,0,0
data,10051610,1571,12,65000,-2522,2986,390854,13018,raw_ad5933_range4_pga1,0,0,0,0,0,0,0,0,0,0,0
data,10051753,1571,13,70000,-2678,2841,390422,13330,raw_ad5933_range4_pga1,0,0,0,0,0,0,0,0,0,0,0
data,10051895,1571,14,75000,-2834,2678,389913,13662,raw_ad5933_range4_pga1,0,0,0,0,0,0,0,0,0,0,0
data,10052037,1571,15,80000,-2974,2506,388905,13988,raw_ad5933_range4_pga1,0,0,0,0,0,0,0,0,0,0,0
data,10052180,1571,16,85000,-3109,2341,389181,14302,raw_ad5933_range4_pga1,0,0,0,0,0,0,0,0,0,0,0
data,10052322,1571,17,90000,-3229,2157,388318,14625,raw_ad5933_range4_pga1,0,0,0,0,0,0,0,0,0,0,0
data,10052464,1571,18,95000,-3336,1969,387374,14944,raw_ad5933_range4_pga1,0,0,0,0,0,0,0,0,0,0,0
data,10052606,1571,19,100000,-3436,1778,386877,15264,raw_ad5933_range4_pga1,0,0,0,0,0,0,0,0,0,0,0
status,10052728,1571,0,0,0,0,0,0,sweep_end,0,0,0,0,0,0,0,0,0,0,0
status,10055809,0,0,0,0,0,0,0,i2c_pc8_pc9_scan_start
status,10055974,0,0,0,0,0,0,0,i2c_pc8_pc9_found_0x68
status,10056052,0,0,0,0,0,0,0,i2c_pc8_pc9_scan_end_count_1
imu,10056137,0,0,0,0,0,0,0,imu_sample,0x68,0x68,-2588,6412,8788,-371,-27,409,-2800,0x00,0
status,10056241,1572,0,0,0,0,0,0,sweep_start_5k_to_100k,0,0,0,0,0,0,0,0,0,0,0
data,10056416,1572,0,5000,641,3726,378074,8023,raw_ad5933_range4_pga1,0,0,0,0,0,0,0,0,0,0,0
data,10056552,1572,1,10000,20,3892,389205,8970,raw_ad5933_range4_pga1,0,0,0,0,0,0,0,0,0,0,0
data,10056689,1572,2,15000,-348,3895,391052,9510,raw_ad5933_range4_pga1,0,0,0,0,0,0,0,0,0,0,0
data,10056828,1572,3,20000,-641,3878,393062,9938,raw_ad5933_range4_pga1,0,0,0,0,0,0,0,0,0,0,0
data,10056967,1572,4,25000,-897,3822,392585,10320,raw_ad5933_range4_pga1,0,0,0,0,0,0,0,0,0,0,0
data,10057107,1572,5,30000,-1137,3759,392719,10682,raw_ad5933_range4_pga1,0,0,0,0,0,0,0,0,0,0,0
data,10057248,1572,6,35000,-1362,3683,392677,11029,raw_ad5933_range4_pga1,0,0,0,0,0,0,0,0,0,0,0
data,10057389,1572,7,40000,-1578,3591,392242,11372,raw_ad5933_range4_pga1,0,0,0,0,0,0,0,0,0,0,0
data,10057531,1572,8,45000,-1785,3491,392088,11708,raw_ad5933_range4_pga1,0,0,0,0,0,0,0,0,0,0,0
data,10057672,1572,9,50000,-1976,3385,391954,12027,raw_ad5933_range4_pga1,0,0,0,0,0,0,0,0,0,0,0
data,10057813,1572,10,55000,-2169,3257,391313,12366,raw_ad5933_range4_pga1,0,0,0,0,0,0,0,0,0,0,0
data,10057955,1572,11,60000,-2346,3132,391320,12683,raw_ad5933_range4_pga1,0,0,0,0,0,0,0,0,0,0,0
data,10058097,1572,12,65000,-2524,2995,391671,13012,raw_ad5933_range4_pga1,0,0,0,0,0,0,0,0,0,0,0
data,10058240,1572,13,70000,-2681,2839,390483,13336,raw_ad5933_range4_pga1,0,0,0,0,0,0,0,0,0,0,0
data,10058382,1572,14,75000,-2836,2678,390059,13664,raw_ad5933_range4_pga1,0,0,0,0,0,0,0,0,0,0,0
data,10058524,1572,15,80000,-2972,2514,389268,13977,raw_ad5933_range4_pga1,0,0,0,0,0,0,0,0,0,0,0
data,10058667,1572,16,85000,-3112,2344,389601,14301,raw_ad5933_range4_pga1,0,0,0,0,0,0,0,0,0,0,0
data,10058809,1572,17,90000,-3227,2157,388152,14624,raw_ad5933_range4_pga1,0,0,0,0,0,0,0,0,0,0,0
data,10058951,1572,18,95000,-3339,1970,387683,14945,raw_ad5933_range4_pga1,0,0,0,0,0,0,0,0,0,0,0
data,10059093,1572,19,100000,-3434,1778,386699,15262,raw_ad5933_range4_pga1,0,0,0,0,0,0,0,0,0,0,0
status,10059215,1572,0,0,0,0,0,0,sweep_end,0,0,0,0,0,0,0,0,0,0,0
status,10062296,0,0,0,0,0,0,0,i2c_pc8_pc9_scan_start
status,10062461,0,0,0,0,0,0,0,i2c_pc8_pc9_found_0x68
status,10062539,0,0,0,0,0,0,0,i2c_pc8_pc9_scan_end_count_1
imu,10062624,0,0,0,0,0,0,0,imu_sample,0x68,0x68,-2540,6300,9040,-349,26,432,-2784,0x00,0
status,10062727,1573,0,0,0,0,0,0,sweep_start_5k_to_100k,0,0,0,0,0,0,0,0,0,0,0
data,10062902,1573,0,5000,645,3724,377944,8017,raw_ad5933_range4_pga1,0,0,0,0,0,0,0,0,0,0,0
data,10063038,1573,1,10000,14,3891,389103,8979,raw_ad5933_range4_pga1,0,0,0,0,0,0,0,0,0,0,0
data,10063175,1573,2,15000,-347,3898,391341,9508,raw_ad5933_range4_pga1,0,0,0,0,0,0,0,0,0,0,0
data,10063314,1573,3,20000,-644,3873,392618,9944,raw_ad5933_range4_pga1,0,0,0,0,0,0,0,0,0,0,0
data,10063453,1573,4,25000,-895,3827,393026,10316,raw_ad5933_range4_pga1,0,0,0,0,0,0,0,0,0,0,0
data,10063593,1573,5,30000,-1138,3761,392940,10683,raw_ad5933_range4_pga1,0,0,0,0,0,0,0,0,0,0,0
data,10063734,1573,6,35000,-1363,3688,393181,11028,raw_ad5933_range4_pga1,0,0,0,0,0,0,0,0,0,0,0
data,10063875,1573,7,40000,-1575,3590,392030,11368,raw_ad5933_range4_pga1,0,0,0,0,0,0,0,0,0,0,0
data,10064016,1573,8,45000,-1778,3489,391592,11700,raw_ad5933_range4_pga1,0,0,0,0,0,0,0,0,0,0,0
data,10064157,1573,9,50000,-1981,3384,392120,12034,raw_ad5933_range4_pga1,0,0,0,0,0,0,0,0,0,0,0
data,10064299,1573,10,55000,-2167,3254,390953,12366,raw_ad5933_range4_pga1,0,0,0,0,0,0,0,0,0,0,0
data,10064441,1573,11,60000,-2350,3125,391000,12694,raw_ad5933_range4_pga1,0,0,0,0,0,0,0,0,0,0,0
data,10064583,1573,12,65000,-2523,2984,390766,13021,raw_ad5933_range4_pga1,0,0,0,0,0,0,0,0,0,0,0
data,10064726,1573,13,70000,-2684,2840,390762,13338,raw_ad5933_range4_pga1,0,0,0,0,0,0,0,0,0,0,0
data,10064868,1573,14,75000,-2834,2677,389845,13663,raw_ad5933_range4_pga1,0,0,0,0,0,0,0,0,0,0,0
data,10065010,1573,15,80000,-2978,2511,389533,13986,raw_ad5933_range4_pga1,0,0,0,0,0,0,0,0,0,0,0
data,10065152,1573,16,85000,-3102,2336,388321,14301,raw_ad5933_range4_pga1,0,0,0,0,0,0,0,0,0,0,0
data,10065295,1573,17,90000,-3227,2162,388430,14617,raw_ad5933_range4_pga1,0,0,0,0,0,0,0,0,0,0,0
data,10065437,1573,18,95000,-3338,1973,387750,14941,raw_ad5933_range4_pga1,0,0,0,0,0,0,0,0,0,0,0
data,10065579,1573,19,100000,-3435,1777,386742,15264,raw_ad5933_range4_pga1,0,0,0,0,0,0,0,0,0,0,0
status,10065701,1573,0,0,0,0,0,0,sweep_end,0,0,0,0,0,0,0,0,0,0,0
status,10068782,0,0,0,0,0,0,0,i2c_pc8_pc9_scan_start
status,10068947,0,0,0,0,0,0,0,i2c_pc8_pc9_found_0x68
status,10069025,0,0,0,0,0,0,0,i2c_pc8_pc9_scan_end_count_1
imu,10069110,0,0,0,0,0,0,0,imu_sample,0x68,0x68,-2636,6436,9060,-348,-175,366,-2784,0x00,0
status,10069215,1574,0,0,0,0,0,0,sweep_start_5k_to_100k,0,0,0,0,0,0,0,0,0,0,0
data,10069391,1574,0,5000,638,3724,377826,8027,raw_ad5933_range4_pga1,0,0,0,0,0,0,0,0,0,0,0
data,10069527,1574,1,10000,20,3893,389305,8970,raw_ad5933_range4_pga1,0,0,0,0,0,0,0,0,0,0,0
data,10069664,1574,2,15000,-343,3900,391505,9502,raw_ad5933_range4_pga1,0,0,0,0,0,0,0,0,0,0,0
data,10069803,1574,3,20000,-650,3875,392914,9952,raw_ad5933_range4_pga1,0,0,0,0,0,0,0,0,0,0,0
data,10069942,1574,4,25000,-902,3825,392991,10326,raw_ad5933_range4_pga1,0,0,0,0,0,0,0,0,0,0,0
data,10070082,1574,5,30000,-1136,3758,392595,10681,raw_ad5933_range4_pga1,0,0,0,0,0,0,0,0,0,0,0
data,10070223,1574,6,35000,-1360,3684,392702,11026,raw_ad5933_range4_pga1,0,0,0,0,0,0,0,0,0,0,0
data,10070364,1574,7,40000,-1571,3593,392144,11361,raw_ad5933_range4_pga1,0,0,0,0,0,0,0,0,0,0,0
data,10070505,1574,8,45000,-1788,3497,392759,11708,raw_ad5933_range4_pga1,0,0,0,0,0,0,0,0,0,0,0
data,10070647,1574,9,50000,-1979,3382,391846,12033,raw_ad5933_range4_pga1,0,0,0,0,0,0,0,0,0,0,0
data,10070788,1574,10,55000,-2170,3263,391868,12362,raw_ad5933_range4_pga1,0,0,0,0,0,0,0,0,0,0,0
data,10070930,1574,11,60000,-2343,3132,391140,12679,raw_ad5933_range4_pga1,0,0,0,0,0,0,0,0,0,0,0
data,10071072,1574,12,65000,-2523,2987,390995,13018,raw_ad5933_range4_pga1,0,0,0,0,0,0,0,0,0,0,0
data,10071215,1574,13,70000,-2684,2840,390762,13338,raw_ad5933_range4_pga1,0,0,0,0,0,0,0,0,0,0,0
data,10071357,1574,14,75000,-2831,2683,390039,13653,raw_ad5933_range4_pga1,0,0,0,0,0,0,0,0,0,0,0
data,10071499,1574,15,80000,-2977,2512,389521,13984,raw_ad5933_range4_pga1,0,0,0,0,0,0,0,0,0,0,0
data,10071641,1574,16,85000,-3109,2335,388820,14309,raw_ad5933_range4_pga1,0,0,0,0,0,0,0,0,0,0,0
data,10071784,1574,17,90000,-3223,2163,388153,14613,raw_ad5933_range4_pga1,0,0,0,0,0,0,0,0,0,0,0
data,10071926,1574,18,95000,-3344,1972,388215,14947,raw_ad5933_range4_pga1,0,0,0,0,0,0,0,0,0,0,0
data,10072068,1574,19,100000,-3437,1779,387012,15263,raw_ad5933_range4_pga1,0,0,0,0,0,0,0,0,0,0,0
status,10072190,1574,0,0,0,0,0,0,sweep_end,0,0,0,0,0,0,0,0,0,0,0
status,10075271,0,0,0,0,0,0,0,i2c_pc8_pc9_scan_start
status,10075436,0,0,0,0,0,0,0,i2c_pc8_pc9_found_0x68
status,10075514,0,0,0,0,0,0,0,i2c_pc8_pc9_scan_end_count_1
imu,10075599,0,0,0,0,0,0,0,imu_sample,0x68,0x68,-2568,6432,8988,-351,108,443,-2800,0x00,0
status,10075703,1575,0,0,0,0,0,0,sweep_start_5k_to_100k,0,0,0,0,0,0,0,0,0,0,0
data,10075878,1575,0,5000,647,3726,378176,8014,raw_ad5933_range4_pga1,0,0,0,0,0,0,0,0,0,0,0
data,10076014,1575,1,10000,19,3888,388805,8972,raw_ad5933_range4_pga1,0,0,0,0,0,0,0,0,0,0,0
data,10076151,1575,2,15000,-345,3899,391423,9505,raw_ad5933_range4_pga1,0,0,0,0,0,0,0,0,0,0,0
data,10076290,1575,3,20000,-646,3877,393045,9945,raw_ad5933_range4_pga1,0,0,0,0,0,0,0,0,0,0,0
data,10076429,1575,4,25000,-897,3827,393072,10319,raw_ad5933_range4_pga1,0,0,0,0,0,0,0,0,0,0,0
data,10076569,1575,5,30000,-1137,3763,393102,10681,raw_ad5933_range4_pga1,0,0,0,0,0,0,0,0,0,0,0
data,10076710,1575,6,35000,-1360,3678,392139,11029,raw_ad5933_range4_pga1,0,0,0,0,0,0,0,0,0,0,0
data,10076851,1575,7,40000,-1573,3596,392499,11362,raw_ad5933_range4_pga1,0,0,0,0,0,0,0,0,0,0,0
data,10076992,1575,8,45000,-1786,3492,392223,11708,raw_ad5933_range4_pga1,0,0,0,0,0,0,0,0,0,0,0
data,10077134,1575,9,50000,-1980,3384,392070,12033,raw_ad5933_range4_pga1,0,0,0,0,0,0,0,0,0,0,0
data,10077275,1575,10,55000,-2167,3262,391619,12359,raw_ad5933_range4_pga1,0,0,0,0,0,0,0,0,0,0,0
data,10077417,1575,11,60000,-2348,3130,391280,12687,raw_ad5933_range4_pga1,0,0,0,0,0,0,0,0,0,0,0
data,10077559,1575,12,65000,-2520,2988,390878,13014,raw_ad5933_range4_pga1,0,0,0,0,0,0,0,0,0,0,0
data,10077702,1575,13,70000,-2682,2834,390188,13342,raw_ad5933_range4_pga1,0,0,0,0,0,0,0,0,0,0,0
data,10077844,1575,14,75000,-2835,2678,389986,13663,raw_ad5933_range4_pga1,0,0,0,0,0,0,0,0,0,0,0
data,10077986,1575,15,80000,-2973,2513,389280,13979,raw_ad5933_range4_pga1,0,0,0,0,0,0,0,0,0,0,0
data,10078128,1575,16,85000,-3107,2339,388901,14302,raw_ad5933_range4_pga1,0,0,0,0,0,0,0,0,0,0,0
data,10078271,1575,17,90000,-3229,2153,388096,14630,raw_ad5933_range4_pga1,0,0,0,0,0,0,0,0,0,0,0
data,10078413,1575,18,95000,-3333,1971,387217,14940,raw_ad5933_range4_pga1,0,0,0,0,0,0,0,0,0,0,0
data,10078555,1575,19,100000,-3433,1780,386703,15259,raw_ad5933_range4_pga1,0,0,0,0,0,0,0,0,0,0,0
status,10078677,1575,0,0,0,0,0,0,sweep_end,0,0,0,0,0,0,0,0,0,0,0
status,10081758,0,0,0,0,0,0,0,i2c_pc8_pc9_scan_start
status,10081923,0,0,0,0,0,0,0,i2c_pc8_pc9_found_0x68
status,10082001,0,0,0,0,0,0,0,i2c_pc8_pc9_scan_end_count_1
imu,10082086,0,0,0,0,0,0,0,imu_sample,0x68,0x68,-2596,6432,9008,-347,-19,415,-2784,0x00,0
status,10082190,1576,0,0,0,0,0,0,sweep_start_5k_to_100k,0,0,0,0,0,0,0,0,0,0,0
data,10082365,1576,0,5000,640,3726,378057,8025,raw_ad5933_range4_pga1,0,0,0,0,0,0,0,0,0,0,0
data,10082501,1576,1,10000,14,3889,388903,8979,raw_ad5933_range4_pga1,0,0,0,0,0,0,0,0,0,0,0
data,10082638,1576,2,15000,-348,3898,391350,9510,raw_ad5933_range4_pga1,0,0,0,0,0,0,0,0,0,0,0
data,10082777,1576,3,20000,-644,3875,392815,9943,raw_ad5933_range4_pga1,0,0,0,0,0,0,0,0,0,0,0
data,10082916,1576,4,25000,-896,3820,392367,10320,raw_ad5933_range4_pga1,0,0,0,0,0,0,0,0,0,0,0
data,10083056,1576,5,30000,-1136,3756,392403,10682,raw_ad5933_range4_pga1,0,0,0,0,0,0,0,0,0,0,0
data,10083197,1576,6,35000,-1364,3676,392090,11035,raw_ad5933_range4_pga1,0,0,0,0,0,0,0,0,0,0,0
data,10083338,1576,7,40000,-1575,3593,392304,11367,raw_ad5933_range4_pga1,0,0,0,0,0,0,0,0,0,0,0
data,10083479,1576,8,45000,-1780,3493,392039,11700,raw_ad5933_range4_pga1,0,0,0,0,0,0,0,0,0,0,0
data,10083621,1576,9,50000,-1980,3383,391983,12033,raw_ad5933_range4_pga1,0,0,0,0,0,0,0,0,0,0,0
data,10083762,1576,10,55000,-2163,3260,391231,12356,raw_ad5933_range4_pga1,0,0,0,0,0,0,0,0,0,0,0
data,10083904,1576,11,60000,-2349,3128,391180,12690,raw_ad5933_range4_pga1,0,0,0,0,0,0,0,0,0,0,0
data,10084046,1576,12,65000,-2516,2989,390697,13008,raw_ad5933_range4_pga1,0,0,0,0,0,0,0,0,0,0,0
data,10084189,1576,13,70000,-2676,2837,389994,13332,raw_ad5933_range4_pga1,0,0,0,0,0,0,0,0,0,0,0
data,10084331,1576,14,75000,-2836,2675,389853,13667,raw_ad5933_range4_pga1,0,0,0,0,0,0,0,0,0,0,0
data,10084473,1576,15,80000,-2978,2512,389598,13985,raw_ad5933_range4_pga1,0,0,0,0,0,0,0,0,0,0,0
data,10084615,1576,16,85000,-3107,2337,388780,14305,raw_ad5933_range4_pga1,0,0,0,0,0,0,0,0,0,0,0
data,10084758,1576,17,90000,-3232,2152,388290,14634,raw_ad5933_range4_pga1,0,0,0,0,0,0,0,0,0,0,0
data,10084900,1576,18,95000,-3342,1966,387739,14953,raw_ad5933_range4_pga1,0,0,0,0,0,0,0,0,0,0,0
data,10085042,1576,19,100000,-3431,1784,386709,15252,raw_ad5933_range4_pga1,0,0,0,0,0,0,0,0,0,0,0
status,10085164,1576,0,0,0,0,0,0,sweep_end,0,0,0,0,0,0,0,0,0,0,0
status,10088245,0,0,0,0,0,0,0,i2c_pc8_pc9_scan_start
status,10088410,0,0,0,0,0,0,0,i2c_pc8_pc9_found_0x68
status,10088488,0,0,0,0,0,0,0,i2c_pc8_pc9_scan_end_count_1
imu,10088573,0,0,0,0,0,0,0,imu_sample,0x68,0x68,-2552,6352,9148,-370,-2,436,-2784,0x00,0
status,10088676,1577,0,0,0,0,0,0,sweep_start_5k_to_100k,0,0,0,0,0,0,0,0,0,0,0
data,10088851,1577,0,5000,641,3728,378271,8024,raw_ad5933_range4_pga1,0,0,0,0,0,0,0,0,0,0,0
data,10088987,1577,1,10000,13,3890,389002,8980,raw_ad5933_range4_pga1,0,0,0,0,0,0,0,0,0,0,0
data,10089124,1577,2,15000,-347,3891,390644,9509,raw_ad5933_range4_pga1,0,0,0,0,0,0,0,0,0,0,0
data,10089263,1577,3,20000,-642,3873,392585,9941,raw_ad5933_range4_pga1,0,0,0,0,0,0,0,0,0,0,0
data,10089402,1577,4,25000,-896,3821,392465,10319,raw_ad5933_range4_pga1,0,0,0,0,0,0,0,0,0,0,0
data,10089542,1577,5,30000,-1141,3761,393027,10687,raw_ad5933_range4_pga1,0,0,0,0,0,0,0,0,0,0,0
data,10089683,1577,6,35000,-1364,3679,392371,11034,raw_ad5933_range4_pga1,0,0,0,0,0,0,0,0,0,0,0
data,10089824,1577,7,40000,-1574,3597,392631,11363,raw_ad5933_range4_pga1,0,0,0,0,0,0,0,0,0,0,0
data,10089966,1577,8,45000,-1785,3494,392355,11706,raw_ad5933_range4_pga1,0,0,0,0,0,0,0,0,0,0,0
data,10090107,1577,9,50000,-1977,3380,391573,12032,raw_ad5933_range4_pga1,0,0,0,0,0,0,0,0,0,0,0
data,10090248,1577,10,55000,-2172,3260,391729,12367,raw_ad5933_range4_pga1,0,0,0,0,0,0,0,0,0,0,0
data,10090390,1577,11,60000,-2348,3129,391200,12688,raw_ad5933_range4_pga1,0,0,0,0,0,0,0,0,0,0,0
data,10090532,1577,12,65000,-2518,2986,390596,13013,raw_ad5933_range4_pga1,0,0,0,0,0,0,0,0,0,0,0
data,10090675,1577,13,70000,-2680,2839,390414,13334,raw_ad5933_range4_pga1,0,0,0,0,0,0,0,0,0,0,0
data,10090817,1577,14,75000,-2835,2675,389780,13666,raw_ad5933_range4_pga1,0,0,0,0,0,0,0,0,0,0,0
data,10090959,1577,15,80000,-2972,2516,389398,13974,raw_ad5933_range4_pga1,0,0,0,0,0,0,0,0,0,0,0
data,10091102,1577,16,85000,-3106,2336,388640,14305,raw_ad5933_range4_pga1,0,0,0,0,0,0,0,0,0,0,0
data,10091244,1577,17,90000,-3229,2160,388485,14621,raw_ad5933_range4_pga1,0,0,0,0,0,0,0,0,0,0,0
data,10091386,1577,18,95000,-3340,1968,387668,14949,raw_ad5933_range4_pga1,0,0,0,0,0,0,0,0,0,0,0
data,10091528,1577,19,100000,-3438,1778,387055,15265,raw_ad5933_range4_pga1,0,0,0,0,0,0,0,0,0,0,0
status,10091650,1577,0,0,0,0,0,0,sweep_end,0,0,0,0,0,0,0,0,0,0,0
status,10094731,0,0,0,0,0,0,0,i2c_pc8_pc9_scan_start
status,10094896,0,0,0,0,0,0,0,i2c_pc8_pc9_found_0x68
status,10094974,0,0,0,0,0,0,0,i2c_pc8_pc9_scan_end_count_1
imu,10095059,0,0,0,0,0,0,0,imu_sample,0x68,0x68,-2584,6304,9132,-335,-50,414,-2800,0x00,0
status,10095163,1578,0,0,0,0,0,0,sweep_start_5k_to_100k,0,0,0,0,0,0,0,0,0,0,0
data,10095338,1578,0,5000,640,3725,377958,8025,raw_ad5933_range4_pga1,0,0,0,0,0,0,0,0,0,0,0
data,10095474,1578,1,10000,15,3890,389003,8977,raw_ad5933_range4_pga1,0,0,0,0,0,0,0,0,0,0,0
data,10095611,1578,2,15000,-350,3893,390870,9513,raw_ad5933_range4_pga1,0,0,0,0,0,0,0,0,0,0,0
data,10095750,1578,3,20000,-644,3877,393012,9943,raw_ad5933_range4_pga1,0,0,0,0,0,0,0,0,0,0,0
data,10095889,1578,4,25000,-889,3815,391721,10311,raw_ad5933_range4_pga1,0,0,0,0,0,0,0,0,0,0,0
data,10096029,1578,5,30000,-1128,3763,392843,10668,raw_ad5933_range4_pga1,0,0,0,0,0,0,0,0,0,0,0
data,10096170,1578,6,35000,-1360,3682,392514,11027,raw_ad5933_range4_pga1,0,0,0,0,0,0,0,0,0,0,0
data,10096311,1578,7,40000,-1570,3597,392471,11358,raw_ad5933_range4_pga1,0,0,0,0,0,0,0,0,0,0,0
data,10096452,1578,8,45000,-1786,3485,391600,11713,raw_ad5933_range4_pga1,0,0,0,0,0,0,0,0,0,0,0
data,10096594,1578,9,50000,-1988,3380,392129,12046,raw_ad5933_range4_pga1,0,0,0,0,0,0,0,0,0,0,0
data,10096735,1578,10,55000,-2172,3255,391313,12371,raw_ad5933_range4_pga1,0,0,0,0,0,0,0,0,0,0,0
data,10096877,1578,11,60000,-2347,3125,390820,12690,raw_ad5933_range4_pga1,0,0,0,0,0,0,0,0,0,0,0
data,10097019,1578,12,65000,-2524,2991,391365,13015,raw_ad5933_range4_pga1,0,0,0,0,0,0,0,0,0,0,0
data,10097162,1578,13,70000,-2681,2836,390265,13339,raw_ad5933_range4_pga1,0,0,0,0,0,0,0,0,0,0,0
data,10097304,1578,14,75000,-2837,2672,389720,13671,raw_ad5933_range4_pga1,0,0,0,0,0,0,0,0,0,0,0
data,10097446,1578,15,80000,-2975,2511,389304,13983,raw_ad5933_range4_pga1,0,0,0,0,0,0,0,0,0,0,0
data,10097589,1578,16,85000,-3103,2337,388461,14301,raw_ad5933_range4_pga1,0,0,0,0,0,0,0,0,0,0,0
data,10097731,1578,17,90000,-3227,2158,388207,14622,raw_ad5933_range4_pga1,0,0,0,0,0,0,0,0,0,0,0
data,10097873,1578,18,95000,-3337,1964,387206,14952,raw_ad5933_range4_pga1,0,0,0,0,0,0,0,0,0,0,0
data,10098015,1578,19,100000,-3436,1777,386831,15265,raw_ad5933_range4_pga1,0,0,0,0,0,0,0,0,0,0,0
status,10098137,1578,0,0,0,0,0,0,sweep_end,0,0,0,0,0,0,0,0,0,0,0
status,10101218,0,0,0,0,0,0,0,i2c_pc8_pc9_scan_start
status,10101383,0,0,0,0,0,0,0,i2c_pc8_pc9_found_0x68
status,10101461,0,0,0,0,0,0,0,i2c_pc8_pc9_scan_end_count_1
imu,10101546,0,0,0,0,0,0,0,imu_sample,0x68,0x68,-2608,6412,8940,-364,-9,422,-2800,0x00,0
status,10101649,1579,0,0,0,0,0,0,sweep_start_5k_to_100k,0,0,0,0,0,0,0,0,0,0,0
data,10101824,1579,0,5000,645,3722,377747,8016,raw_ad5933_range4_pga1,0,0,0,0,0,0,0,0,0,0,0
data,10101960,1579,1,10000,15,3890,389003,8977,raw_ad5933_range4_pga1,0,0,0,0,0,0,0,0,0,0,0
data,10102097,1579,2,15000,-347,3901,391640,9508,raw_ad5933_range4_pga1,0,0,0,0,0,0,0,0,0,0,0
data,10102236,1579,3,20000,-644,3871,392420,9944,raw_ad5933_range4_pga1,0,0,0,0,0,0,0,0,0,0,0
data,10102375,1579,4,25000,-895,3820,392345,10318,raw_ad5933_range4_pga1,0,0,0,0,0,0,0,0,0,0,0
data,10102515,1579,5,30000,-1135,3760,392757,10679,raw_ad5933_range4_pga1,0,0,0,0,0,0,0,0,0,0,0
data,10102656,1579,6,35000,-1365,3685,392969,11032,raw_ad5933_range4_pga1,0,0,0,0,0,0,0,0,0,0,0
data,10102797,1579,7,40000,-1579,3597,392831,11370,raw_ad5933_range4_pga1,0,0,0,0,0,0,0,0,0,0,0
data,10102938,1579,8,45000,-1785,3491,392088,11708,raw_ad5933_range4_pga1,0,0,0,0,0,0,0,0,0,0,0
data,10103080,1579,9,50000,-1981,3386,392293,12033,raw_ad5933_range4_pga1,0,0,0,0,0,0,0,0,0,0,0
data,10103221,1579,10,55000,-2175,3262,392062,12369,raw_ad5933_range4_pga1,0,0,0,0,0,0,0,0,0,0,0
data,10103363,1579,11,60000,-2351,3130,391460,12691,raw_ad5933_range4_pga1,0,0,0,0,0,0,0,0,0,0,0
data,10103505,1579,12,65000,-2521,2985,390713,13018,raw_ad5933_range4_pga1,0,0,0,0,0,0,0,0,0,0,0
data,10103648,1579,13,70000,-2680,2841,390560,13332,raw_ad5933_range4_pga1,0,0,0,0,0,0,0,0,0,0,0
data,10103790,1579,14,75000,-2831,2678,389695,13659,raw_ad5933_range4_pga1,0,0,0,0,0,0,0,0,0,0,0
data,10103932,1579,15,80000,-2972,2511,389075,13980,raw_ad5933_range4_pga1,0,0,0,0,0,0,0,0,0,0,0
data,10104074,1579,16,85000,-3102,2337,388381,14300,raw_ad5933_range4_pga1,0,0,0,0,0,0,0,0,0,0,0
data,10104217,1579,17,90000,-3225,2147,387430,14634,raw_ad5933_range4_pga1,0,0,0,0,0,0,0,0,0,0,0
data,10104359,1579,18,95000,-3335,1971,387390,14941,raw_ad5933_range4_pga1,0,0,0,0,0,0,0,0,0,0,0
data,10104501,1579,19,100000,-3435,1778,386788,15263,raw_ad5933_range4_pga1,0,0,0,0,0,0,0,0,0,0,0
status,10104623,1579,0,0,0,0,0,0,sweep_end,0,0,0,0,0,0,0,0,0,0,0
status,10107704,0,0,0,0,0,0,0,i2c_pc8_pc9_scan_start
status,10107869,0,0,0,0,0,0,0,i2c_pc8_pc9_found_0x68
status,10107947,0,0,0,0,0,0,0,i2c_pc8_pc9_scan_end_count_1
imu,10108032,0,0,0,0,0,0,0,imu_sample,0x68,0x68,-2672,6464,9004,-342,-58,401,-2784,0x00,0
status,10108136,1580,0,0,0,0,0,0,sweep_start_5k_to_100k,0,0,0,0,0,0,0,0,0,0,0
data,10108311,1580,0,5000,642,3721,377598,8021,raw_ad5933_range4_pga1,0,0,0,0,0,0,0,0,0,0,0
data,10108447,1580,1,10000,15,3893,389303,8977,raw_ad5933_range4_pga1,0,0,0,0,0,0,0,0,0,0,0
data,10108584,1580,2,15000,-347,3897,391242,9508,raw_ad5933_range4_pga1,0,0,0,0,0,0,0,0,0,0,0
data,10108723,1580,3,20000,-645,3877,393029,9944,raw_ad5933_range4_pga1,0,0,0,0,0,0,0,0,0,0,0
data,10108862,1580,4,25000,-897,3821,392488,10321,raw_ad5933_range4_pga1,0,0,0,0,0,0,0,0,0,0,0
data,10109002,1580,5,30000,-1136,3760,392786,10681,raw_ad5933_range4_pga1,0,0,0,0,0,0,0,0,0,0,0
data,10109143,1580,6,35000,-1369,3683,392920,11039,raw_ad5933_range4_pga1,0,0,0,0,0,0,0,0,0,0,0
data,10109284,1580,7,40000,-1577,3593,392385,11369,raw_ad5933_range4_pga1,0,0,0,0,0,0,0,0,0,0,0
data,10109425,1580,8,45000,-1782,3492,392041,11703,raw_ad5933_range4_pga1,0,0,0,0,0,0,0,0,0,0,0
data,10109567,1580,9,50000,-1984,3379,391840,12041,raw_ad5933_range4_pga1,0,0,0,0,0,0,0,0,0,0,0
data,10109708,1580,10,55000,-2167,3260,391452,12361,raw_ad5933_range4_pga1,0,0,0,0,0,0,0,0,0,0,0
data,10109850,1580,11,60000,-2349,3131,391420,12687,raw_ad5933_range4_pga1,0,0,0,0,0,0,0,0,0,0,0
data,10109992,1580,12,65000,-2516,2986,390467,13011,raw_ad5933_range4_pga1,0,0,0,0,0,0,0,0,0,0,0
data,10110135,1580,13,70000,-2680,2838,390341,13335,raw_ad5933_range4_pga1,0,0,0,0,0,0,0,0,0,0,0
data,10110277,1580,14,75000,-2832,2676,389631,13662,raw_ad5933_range4_pga1,0,0,0,0,0,0,0,0,0,0,0
data,10110419,1580,15,80000,-2974,2514,389421,13979,raw_ad5933_range4_pga1,0,0,0,0,0,0,0,0,0,0,0
data,10110561,1580,16,85000,-3107,2338,388841,14303,raw_ad5933_range4_pga1,0,0,0,0,0,0,0,0,0,0,0
data,10110704,1580,17,90000,-3226,2157,388069,14623,raw_ad5933_range4_pga1,0,0,0,0,0,0,0,0,0,0,0
data,10110846,1580,18,95000,-3340,1971,387820,14945,raw_ad5933_range4_pga1,0,0,0,0,0,0,0,0,0,0,0
data,10110988,1580,19,100000,-3432,1779,386568,15259,raw_ad5933_range4_pga1,0,0,0,0,0,0,0,0,0,0,0
status,10111110,1580,0,0,0,0,0,0,sweep_end,0,0,0,0,0,0,0,0,0,0,0
status,10114191,0,0,0,0,0,0,0,i2c_pc8_pc9_scan_start
status,10114356,0,0,0,0,0,0,0,i2c_pc8_pc9_found_0x68
status,10114434,0,0,0,0,0,0,0,i2c_pc8_pc9_scan_end_count_1
imu,10114519,0,0,0,0,0,0,0,imu_sample,0x68,0x68,-2612,6284,8840,-358,13,414,-2832,0x00,0
status,10114622,1581,0,0,0,0,0,0,sweep_start_5k_to_100k,0,0,0,0,0,0,0,0,0,0,0
data,10114797,1581,0,5000,643,3725,378009,8020,raw_ad5933_range4_pga1,0,0,0,0,0,0,0,0,0,0,0
data,10114933,1581,1,10000,15,3883,388303,8977,raw_ad5933_range4_pga1,0,0,0,0,0,0,0,0,0,0,0
data,10115070,1581,2,15000,-350,3898,391368,9513,raw_ad5933_range4_pga1,0,0,0,0,0,0,0,0,0,0,0
data,10115209,1581,3,20000,-640,3875,392750,9937,raw_ad5933_range4_pga1,0,0,0,0,0,0,0,0,0,0,0
data,10115348,1581,4,25000,-895,3823,392637,10317,raw_ad5933_range4_pga1,0,0,0,0,0,0,0,0,0,0,0
data,10115488,1581,5,30000,-1137,3763,393102,10681,raw_ad5933_range4_pga1,0,0,0,0,0,0,0,0,0,0,0
data,10115629,1581,6,35000,-1361,3685,392830,11027,raw_ad5933_range4_pga1,0,0,0,0,0,0,0,0,0,0,0
data,10115770,1581,7,40000,-1577,3597,392751,11367,raw_ad5933_range4_pga1,0,0,0,0,0,0,0,0,0,0,0
data,10115911,1581,8,45000,-1788,3499,392937,11706,raw_ad5933_range4_pga1,0,0,0,0,0,0,0,0,0,0,0
data,10116052,1581,9,50000,-1982,3377,391567,12040,raw_ad5933_range4_pga1,0,0,0,0,0,0,0,0,0,0,0
data,10116194,1581,10,55000,-2169,3262,391730,12362,raw_ad5933_range4_pga1,0,0,0,0,0,0,0,0,0,0,0
data,10116336,1581,11,60000,-2352,3126,391200,12695,raw_ad5933_range4_pga1,0,0,0,0,0,0,0,0,0,0,0
data,10116478,1581,12,65000,-2522,2988,391007,13016,raw_ad5933_range4_pga1,0,0,0,0,0,0,0,0,0,0,0
data,10116621,1581,13,70000,-2684,2834,390326,13344,raw_ad5933_range4_pga1,0,0,0,0,0,0,0,0,0,0,0
data,10116763,1581,14,75000,-2835,2680,390123,13660,raw_ad5933_range4_pga1,0,0,0,0,0,0,0,0,0,0,0
data,10116905,1581,15,80000,-2976,2515,389638,13979,raw_ad5933_range4_pga1,0,0,0,0,0,0,0,0,0,0,0
data,10117047,1581,16,85000,-3103,2336,388401,14302,raw_ad5933_range4_pga1,0,0,0,0,0,0,0,0,0,0,0
data,10117190,1581,17,90000,-3227,2164,388541,14615,raw_ad5933_range4_pga1,0,0,0,0,0,0,0,0,0,0,0
data,10117332,1581,18,95000,-3337,1971,387562,14943,raw_ad5933_range4_pga1,0,0,0,0,0,0,0,0,0,0,0
data,10117474,1581,19,100000,-3438,1780,387147,15262,raw_ad5933_range4_pga1,0,0,0,0,0,0,0,0,0,0,0
# automatic_capture_complete,complete_sweeps=30,finished=2026-08-25 20:10:35
