# automatic_capture,target_complete_sweeps=30,port=COM5,baud=115200,started=2026-08-26 12:56:03
status,91085,0,0,0,0,0,0,0,i2c_pc8_pc9_scan_start
status,91247,0,0,0,0,0,0,0,i2c_pc8_pc9_found_0x68
status,91321,0,0,0,0,0,0,0,i2c_pc8_pc9_scan_end_count_1
imu,91403,0,0,0,0,0,0,0,imu_not_ready,0x68,0xFF,0,0,0,0,0,0,0,0x00,0
status,91483,15,0,0,0,0,0,0,sweep_start_5k_to_100k,0,0,0,0,0,0,0,0,0,0,0
data,91653,15,0,5000,673,3799,385815,7995,raw_ad5933_range4_pga1,0,0,0,0,0,0,0,0,0,0,0
data,91784,15,1,10000,20,3951,395105,8970,raw_ad5933_range4_pga1,0,0,0,0,0,0,0,0,0,0,0
data,91915,15,2,15000,-349,3954,396937,9504,raw_ad5933_range4_pga1,0,0,0,0,0,0,0,0,0,0,0
data,92048,15,3,20000,-639,3937,398852,9921,raw_ad5933_range4_pga1,0,0,0,0,0,0,0,0,0,0,0
data,92181,15,4,25000,-908,3877,398191,10318,raw_ad5933_range4_pga1,0,0,0,0,0,0,0,0,0,0,0
data,92316,15,5,30000,-1149,3816,398523,10675,raw_ad5933_range4_pga1,0,0,0,0,0,0,0,0,0,0,0
data,92451,15,6,35000,-1395,3733,398514,11049,raw_ad5933_range4_pga1,0,0,0,0,0,0,0,0,0,0,0
data,92587,15,7,40000,-1594,3647,398013,11360,raw_ad5933_range4_pga1,0,0,0,0,0,0,0,0,0,0,0
data,92722,15,8,45000,-1804,3543,397584,11698,raw_ad5933_range4_pga1,0,0,0,0,0,0,0,0,0,0,0
data,92858,15,9,50000,-1998,3444,398160,12011,raw_ad5933_range4_pga1,0,0,0,0,0,0,0,0,0,0,0
data,92993,15,10,55000,-2195,3314,397500,12351,raw_ad5933_range4_pga1,0,0,0,0,0,0,0,0,0,0,0
data,93130,15,11,60000,-2379,3175,396740,12684,raw_ad5933_range4_pga1,0,0,0,0,0,0,0,0,0,0,0
data,93267,15,12,65000,-2552,3029,396075,13011,raw_ad5933_range4_pga1,0,0,0,0,0,0,0,0,0,0,0
data,93403,15,13,70000,-2720,2872,395560,13344,raw_ad5933_range4_pga1,0,0,0,0,0,0,0,0,0,0,0
data,93540,15,14,75000,-2873,2725,395977,13651,raw_ad5933_range4_pga1,0,0,0,0,0,0,0,0,0,0,0
data,93677,15,15,80000,-3014,2559,395382,13966,raw_ad5933_range4_pga1,0,0,0,0,0,0,0,0,0,0,0
data,93813,15,16,85000,-3145,2374,394042,14295,raw_ad5933_range4_pga1,0,0,0,0,0,0,0,0,0,0,0
data,93950,15,17,90000,-3275,2193,394143,14619,raw_ad5933_range4_pga1,0,0,0,0,0,0,0,0,0,0,0
data,94087,15,18,95000,-3382,2005,393166,14933,raw_ad5933_range4_pga1,0,0,0,0,0,0,0,0,0,0,0
data,94223,15,19,100000,-3480,1809,392210,15253,raw_ad5933_range4_pga1,0,0,0,0,0,0,0,0,0,0,0
status,94339,15,0,0,0,0,0,0,sweep_end,0,0,0,0,0,0,0,0,0,0,0
status,97414,0,0,0,0,0,0,0,i2c_pc8_pc9_scan_start
status,97576,0,0,0,0,0,0,0,i2c_pc8_pc9_found_0x68
status,97650,0,0,0,0,0,0,0,i2c_pc8_pc9_scan_end_count_1
imu,97721,0,0,0,0,0,0,0,imu_not_ready,0x68,0xFF,0,0,0,0,0,0,0,0x00,0
status,97801,16,0,0,0,0,0,0,sweep_start_5k_to_100k,0,0,0,0,0,0,0,0,0,0,0
data,97970,16,0,5000,680,3796,385643,7984,raw_ad5933_range4_pga1,0,0,0,0,0,0,0,0,0,0,0
data,98101,16,1,10000,27,3954,395409,8960,raw_ad5933_range4_pga1,0,0,0,0,0,0,0,0,0,0,0
data,98232,16,2,15000,-339,3953,396751,9490,raw_ad5933_range4_pga1,0,0,0,0,0,0,0,0,0,0,0
data,98365,16,3,20000,-647,3935,398784,9933,raw_ad5933_range4_pga1,0,0,0,0,0,0,0,0,0,0,0
data,98498,16,4,25000,-909,3879,398408,10318,raw_ad5933_range4_pga1,0,0,0,0,0,0,0,0,0,0,0
data,98633,16,5,30000,-1151,3807,397719,10682,raw_ad5933_range4_pga1,0,0,0,0,0,0,0,0,0,0,0
data,98768,16,6,35000,-1377,3734,397981,11024,raw_ad5933_range4_pga1,0,0,0,0,0,0,0,0,0,0,0
data,98904,16,7,40000,-1592,3645,397750,11359,raw_ad5933_range4_pga1,0,0,0,0,0,0,0,0,0,0,0
data,99039,16,8,45000,-1800,3550,398026,11688,raw_ad5933_range4_pga1,0,0,0,0,0,0,0,0,0,0,0
data,99175,16,9,50000,-2004,3432,397425,12028,raw_ad5933_range4_pga1,0,0,0,0,0,0,0,0,0,0,0
data,99310,16,10,55000,-2194,3308,396945,12355,raw_ad5933_range4_pga1,0,0,0,0,0,0,0,0,0,0,0
data,99447,16,11,60000,-2383,3164,396101,12698,raw_ad5933_range4_pga1,0,0,0,0,0,0,0,0,0,0,0
data,99584,16,12,65000,-2551,3038,396699,13002,raw_ad5933_range4_pga1,0,0,0,0,0,0,0,0,0,0,0
data,99720,16,13,70000,-2716,2880,395867,13332,raw_ad5933_range4_pga1,0,0,0,0,0,0,0,0,0,0,0
data,99857,16,14,75000,-2869,2718,395205,13654,raw_ad5933_range4_pga1,0,0,0,0,0,0,0,0,0,0,0
data,99994,16,15,80000,-3008,2545,394019,13976,raw_ad5933_range4_pga1,0,0,0,0,0,0,0,0,0,0,0
data,100130,16,16,85000,-3140,2367,393221,14299,raw_ad5933_range4_pga1,0,0,0,0,0,0,0,0,0,0,0
data,100268,16,17,90000,-3269,2195,393756,14612,raw_ad5933_range4_pga1,0,0,0,0,0,0,0,0,0,0,0
data,100406,16,18,95000,-3376,2005,392650,14929,raw_ad5933_range4_pga1,0,0,0,0,0,0,0,0,0,0,0
data,100544,16,19,100000,-3480,1813,392395,15248,raw_ad5933_range4_pga1,0,0,0,0,0,0,0,0,0,0,0
status,100661,16,0,0,0,0,0,0,sweep_end,0,0,0,0,0,0,0,0,0,0,0
status,103737,0,0,0,0,0,0,0,i2c_pc8_pc9_scan_start
status,103900,0,0,0,0,0,0,0,i2c_pc8_pc9_found_0x68
status,103975,0,0,0,0,0,0,0,i2c_pc8_pc9_scan_end_count_1
imu,104047,0,0,0,0,0,0,0,imu_not_ready,0x68,0xFF,0,0,0,0,0,0,0,0x00,0
status,104128,17,0,0,0,0,0,0,sweep_start_5k_to_100k,0,0,0,0,0,0,0,0,0,0,0
data,104299,17,0,5000,675,3798,385752,7992,raw_ad5933_range4_pga1,0,0,0,0,0,0,0,0,0,0,0
data,104431,17,1,10000,29,3957,395711,8958,raw_ad5933_range4_pga1,0,0,0,0,0,0,0,0,0,0,0
data,104563,17,2,15000,-347,3956,397119,9501,raw_ad5933_range4_pga1,0,0,0,0,0,0,0,0,0,0,0
data,104697,17,3,20000,-653,3930,398388,9943,raw_ad5933_range4_pga1,0,0,0,0,0,0,0,0,0,0,0
data,104832,17,4,25000,-907,3877,398168,10316,raw_ad5933_range4_pga1,0,0,0,0,0,0,0,0,0,0,0
data,104967,17,5,30000,-1145,3815,398312,10670,raw_ad5933_range4_pga1,0,0,0,0,0,0,0,0,0,0,0
data,105104,17,6,35000,-1379,3746,399176,11020,raw_ad5933_range4_pga1,0,0,0,0,0,0,0,0,0,0,0
data,105241,17,7,40000,-1596,3651,398460,11361,raw_ad5933_range4_pga1,0,0,0,0,0,0,0,0,0,0,0
data,105377,17,8,45000,-1806,3544,397763,11700,raw_ad5933_range4_pga1,0,0,0,0,0,0,0,0,0,0,0
data,105514,17,9,50000,-2004,3434,397597,12026,raw_ad5933_range4_pga1,0,0,0,0,0,0,0,0,0,0,0
data,105651,17,10,55000,-2191,3315,397363,12346,raw_ad5933_range4_pga1,0,0,0,0,0,0,0,0,0,0,0
data,105788,17,11,60000,-2380,3174,396720,12686,raw_ad5933_range4_pga1,0,0,0,0,0,0,0,0,0,0,0
data,105926,17,12,65000,-2547,3032,395983,13003,raw_ad5933_range4_pga1,0,0,0,0,0,0,0,0,0,0,0
data,106064,17,13,70000,-2710,2882,395601,13323,raw_ad5933_range4_pga1,0,0,0,0,0,0,0,0,0,0,0
data,106202,17,14,75000,-2869,2720,395342,13652,raw_ad5933_range4_pga1,0,0,0,0,0,0,0,0,0,0,0
data,106340,17,15,80000,-3014,2547,394606,13980,raw_ad5933_range4_pga1,0,0,0,0,0,0,0,0,0,0,0
data,106477,17,16,85000,-3137,2371,393223,14291,raw_ad5933_range4_pga1,0,0,0,0,0,0,0,0,0,0,0
data,106615,17,17,90000,-3266,2195,393507,14609,raw_ad5933_range4_pga1,0,0,0,0,0,0,0,0,0,0,0
data,106753,17,18,95000,-3380,2004,392943,14933,raw_ad5933_range4_pga1,0,0,0,0,0,0,0,0,0,0,0
data,106891,17,19,100000,-3476,1811,391948,15248,raw_ad5933_range4_pga1,0,0,0,0,0,0,0,0,0,0,0
status,107008,17,0,0,0,0,0,0,sweep_end,0,0,0,0,0,0,0,0,0,0,0
status,110084,0,0,0,0,0,0,0,i2c_pc8_pc9_scan_start
status,110247,0,0,0,0,0,0,0,i2c_pc8_pc9_found_0x68
status,110322,0,0,0,0,0,0,0,i2c_pc8_pc9_scan_end_count_1
imu,110394,0,0,0,0,0,0,0,imu_not_ready,0x68,0xFF,0,0,0,0,0,0,0,0x00,0
status,110475,18,0,0,0,0,0,0,sweep_start_5k_to_100k,0,0,0,0,0,0,0,0,0,0,0
data,110646,18,0,5000,675,3795,385456,7991,raw_ad5933_range4_pga1,0,0,0,0,0,0,0,0,0,0,0
data,110778,18,1,10000,20,3950,395005,8970,raw_ad5933_range4_pga1,0,0,0,0,0,0,0,0,0,0,0
data,110910,18,2,15000,-348,3954,396928,9502,raw_ad5933_range4_pga1,0,0,0,0,0,0,0,0,0,0,0
data,111044,18,3,20000,-642,3930,398209,9927,raw_ad5933_range4_pga1,0,0,0,0,0,0,0,0,0,0,0
data,111179,18,4,25000,-908,3876,398093,10318,raw_ad5933_range4_pga1,0,0,0,0,0,0,0,0,0,0,0
data,111314,18,5,30000,-1148,3811,398015,10676,raw_ad5933_range4_pga1,0,0,0,0,0,0,0,0,0,0,0
data,111451,18,6,35000,-1381,3726,397369,11033,raw_ad5933_range4_pga1,0,0,0,0,0,0,0,0,0,0,0
data,111588,18,7,40000,-1598,3641,397624,11369,raw_ad5933_range4_pga1,0,0,0,0,0,0,0,0,0,0,0
data,111724,18,8,45000,-1807,3545,397898,11700,raw_ad5933_range4_pga1,0,0,0,0,0,0,0,0,0,0,0
data,111861,18,9,50000,-2005,3430,397302,12030,raw_ad5933_range4_pga1,0,0,0,0,0,0,0,0,0,0,0
data,111998,18,10,55000,-2198,3296,396167,12369,raw_ad5933_range4_pga1,0,0,0,0,0,0,0,0,0,0,0
data,112135,18,11,60000,-2375,3175,396500,12679,raw_ad5933_range4_pga1,0,0,0,0,0,0,0,0,0,0,0
data,112273,18,12,65000,-2548,3031,395971,13005,raw_ad5933_range4_pga1,0,0,0,0,0,0,0,0,0,0,0
data,112411,18,13,70000,-2715,2879,395726,13332,raw_ad5933_range4_pga1,0,0,0,0,0,0,0,0,0,0,0
data,112549,18,14,75000,-2868,2719,395201,13652,raw_ad5933_range4_pga1,0,0,0,0,0,0,0,0,0,0,0
data,112687,18,15,80000,-3016,2543,394501,13986,raw_ad5933_range4_pga1,0,0,0,0,0,0,0,0,0,0,0
data,112824,18,16,85000,-3141,2382,394206,14282,raw_ad5933_range4_pga1,0,0,0,0,0,0,0,0,0,0,0
data,112962,18,17,90000,-3269,2191,393533,14616,raw_ad5933_range4_pga1,0,0,0,0,0,0,0,0,0,0,0
data,113100,18,18,95000,-3378,2006,392873,14929,raw_ad5933_range4_pga1,0,0,0,0,0,0,0,0,0,0,0
data,113238,18,19,100000,-3481,1811,392391,15251,raw_ad5933_range4_pga1,0,0,0,0,0,0,0,0,0,0,0
status,113355,18,0,0,0,0,0,0,sweep_end,0,0,0,0,0,0,0,0,0,0,0
status,116431,0,0,0,0,0,0,0,i2c_pc8_pc9_scan_start
status,116594,0,0,0,0,0,0,0,i2c_pc8_pc9_found_0x68
status,116669,0,0,0,0,0,0,0,i2c_pc8_pc9_scan_end_count_1
imu,116753,0,0,0,0,0,0,0,imu_not_ready,0x68,0xFF,0,0,0,0,0,0,0,0x00,0
status,116834,19,0,0,0,0,0,0,sweep_start_5k_to_100k,0,0,0,0,0,0,0,0,0,0,0
data,117005,19,0,5000,680,3801,386135,7985,raw_ad5933_range4_pga1,0,0,0,0,0,0,0,0,0,0,0
data,117137,19,1,10000,26,3955,395509,8962,raw_ad5933_range4_pga1,0,0,0,0,0,0,0,0,0,0,0
data,117269,19,2,15000,-356,3956,397199,9514,raw_ad5933_range4_pga1,0,0,0,0,0,0,0,0,0,0,0
data,117403,19,3,20000,-648,3929,398208,9936,raw_ad5933_range4_pga1,0,0,0,0,0,0,0,0,0,0,0
data,117538,19,4,25000,-907,3881,398558,10315,raw_ad5933_range4_pga1,0,0,0,0,0,0,0,0,0,0,0
data,117673,19,5,30000,-1149,3812,398140,10677,raw_ad5933_range4_pga1,0,0,0,0,0,0,0,0,0,0,0
data,117810,19,6,35000,-1380,3734,398085,11028,raw_ad5933_range4_pga1,0,0,0,0,0,0,0,0,0,0,0
data,117947,19,7,40000,-1596,3645,397910,11364,raw_ad5933_range4_pga1,0,0,0,0,0,0,0,0,0,0,0
data,118083,19,8,45000,-1804,3545,397762,11697,raw_ad5933_range4_pga1,0,0,0,0,0,0,0,0,0,0,0
data,118220,19,9,50000,-2000,3434,397396,12021,raw_ad5933_range4_pga1,0,0,0,0,0,0,0,0,0,0,0
data,118357,19,10,55000,-2190,3306,396557,12352,raw_ad5933_range4_pga1,0,0,0,0,0,0,0,0,0,0,0
data,118494,19,11,60000,-2378,3175,396680,12683,raw_ad5933_range4_pga1,0,0,0,0,0,0,0,0,0,0,0
data,118632,19,12,65000,-2554,3037,396816,13006,raw_ad5933_range4_pga1,0,0,0,0,0,0,0,0,0,0,0
data,118770,19,13,70000,-2720,2878,395996,13338,raw_ad5933_range4_pga1,0,0,0,0,0,0,0,0,0,0,0
data,118908,19,14,75000,-2877,2716,395649,13664,raw_ad5933_range4_pga1,0,0,0,0,0,0,0,0,0,0,0
data,119046,19,15,80000,-3010,2550,394495,13972,raw_ad5933_range4_pga1,0,0,0,0,0,0,0,0,0,0,0
data,119184,19,16,85000,-3148,2375,394342,14296,raw_ad5933_range4_pga1,0,0,0,0,0,0,0,0,0,0,0
data,119321,19,17,90000,-3270,2184,393227,14626,raw_ad5933_range4_pga1,0,0,0,0,0,0,0,0,0,0,0
data,119459,19,18,95000,-3381,2003,392978,14935,raw_ad5933_range4_pga1,0,0,0,0,0,0,0,0,0,0,0
data,119597,19,19,100000,-3481,1812,392437,15250,raw_ad5933_range4_pga1,0,0,0,0,0,0,0,0,0,0,0
status,119714,19,0,0,0,0,0,0,sweep_end,0,0,0,0,0,0,0,0,0,0,0
status,122790,0,0,0,0,0,0,0,i2c_pc8_pc9_scan_start
status,122953,0,0,0,0,0,0,0,i2c_pc8_pc9_found_0x68
status,123028,0,0,0,0,0,0,0,i2c_pc8_pc9_scan_end_count_1
imu,123100,0,0,0,0,0,0,0,imu_not_ready,0x68,0xFF,0,0,0,0,0,0,0,0x00,0
status,123181,20,0,0,0,0,0,0,sweep_start_5k_to_100k,0,0,0,0,0,0,0,0,0,0,0
data,123352,20,0,5000,672,3793,385207,7995,raw_ad5933_range4_pga1,0,0,0,0,0,0,0,0,0,0,0
data,123484,20,1,10000,29,3950,395011,8957,raw_ad5933_range4_pga1,0,0,0,0,0,0,0,0,0,0,0
data,123616,20,2,15000,-341,3962,397665,9491,raw_ad5933_range4_pga1,0,0,0,0,0,0,0,0,0,0,0
data,123750,20,3,20000,-646,3931,398373,9933,raw_ad5933_range4_pga1,0,0,0,0,0,0,0,0,0,0,0
data,123885,20,4,25000,-909,3873,397824,10320,raw_ad5933_range4_pga1,0,0,0,0,0,0,0,0,0,0,0
data,124020,20,5,30000,-1146,3805,397383,10676,raw_ad5933_range4_pga1,0,0,0,0,0,0,0,0,0,0,0
data,124157,20,6,35000,-1378,3733,397922,11026,raw_ad5933_range4_pga1,0,0,0,0,0,0,0,0,0,0,0
data,124294,20,7,40000,-1593,3648,398065,11358,raw_ad5933_range4_pga1,0,0,0,0,0,0,0,0,0,0,0
data,124430,20,8,45000,-1803,3554,398519,11689,raw_ad5933_range4_pga1,0,0,0,0,0,0,0,0,0,0,0
data,124567,20,9,50000,-2002,3430,397151,12027,raw_ad5933_range4_pga1,0,0,0,0,0,0,0,0,0,0,0
data,124704,20,10,55000,-2197,3313,397527,12355,raw_ad5933_range4_pga1,0,0,0,0,0,0,0,0,0,0,0
data,124841,20,11,60000,-2377,3177,396780,12680,raw_ad5933_range4_pga1,0,0,0,0,0,0,0,0,0,0,0
data,124979,20,12,65000,-2548,3028,395741,13007,raw_ad5933_range4_pga1,0,0,0,0,0,0,0,0,0,0,0
data,125117,20,13,70000,-2703,2892,395852,13306,raw_ad5933_range4_pga1,0,0,0,0,0,0,0,0,0,0,0
data,125255,20,14,75000,-2867,2719,395128,13651,raw_ad5933_range4_pga1,0,0,0,0,0,0,0,0,0,0,0
data,125393,20,15,80000,-3012,2557,395100,13967,raw_ad5933_range4_pga1,0,0,0,0,0,0,0,0,0,0,0
data,125531,20,16,85000,-3145,2376,394162,14292,raw_ad5933_range4_pga1,0,0,0,0,0,0,0,0,0,0,0
data,125668,20,17,90000,-3275,2190,393976,14622,raw_ad5933_range4_pga1,0,0,0,0,0,0,0,0,0,0,0
data,125806,20,18,95000,-3380,1996,392536,14943,raw_ad5933_range4_pga1,0,0,0,0,0,0,0,0,0,0,0
data,125944,20,19,100000,-3473,1813,391774,15243,raw_ad5933_range4_pga1,0,0,0,0,0,0,0,0,0,0,0
status,126061,20,0,0,0,0,0,0,sweep_end,0,0,0,0,0,0,0,0,0,0,0
status,129137,0,0,0,0,0,0,0,i2c_pc8_pc9_scan_start
status,129300,0,0,0,0,0,0,0,i2c_pc8_pc9_found_0x68
status,129375,0,0,0,0,0,0,0,i2c_pc8_pc9_scan_end_count_1
imu,129447,0,0,0,0,0,0,0,imu_not_ready,0x68,0xFF,0,0,0,0,0,0,0,0x00,0
status,129528,21,0,0,0,0,0,0,sweep_start_5k_to_100k,0,0,0,0,0,0,0,0,0,0,0
data,129699,21,0,5000,679,3795,385526,7985,raw_ad5933_range4_pga1,0,0,0,0,0,0,0,0,0,0,0
data,129831,21,1,10000,29,3951,395111,8957,raw_ad5933_range4_pga1,0,0,0,0,0,0,0,0,0,0,0
data,129963,21,2,15000,-343,3954,396885,9495,raw_ad5933_range4_pga1,0,0,0,0,0,0,0,0,0,0,0
data,130097,21,3,20000,-647,3927,397994,9935,raw_ad5933_range4_pga1,0,0,0,0,0,0,0,0,0,0,0
data,130232,21,4,25000,-899,3869,397207,10308,raw_ad5933_range4_pga1,0,0,0,0,0,0,0,0,0,0,0
data,130367,21,5,30000,-1147,3814,398274,10673,raw_ad5933_range4_pga1,0,0,0,0,0,0,0,0,0,0,0
data,130504,21,6,35000,-1378,3734,398016,11025,raw_ad5933_range4_pga1,0,0,0,0,0,0,0,0,0,0,0
data,130641,21,7,40000,-1598,3648,398265,11365,raw_ad5933_range4_pga1,0,0,0,0,0,0,0,0,0,0,0
data,130777,21,8,45000,-1805,3538,397183,11702,raw_ad5933_range4_pga1,0,0,0,0,0,0,0,0,0,0,0
data,130914,21,9,50000,-2005,3433,397562,12028,raw_ad5933_range4_pga1,0,0,0,0,0,0,0,0,0,0,0
data,131051,21,10,55000,-2193,3309,396973,12353,raw_ad5933_range4_pga1,0,0,0,0,0,0,0,0,0,0,0
data,131188,21,11,60000,-2372,3178,396561,12673,raw_ad5933_range4_pga1,0,0,0,0,0,0,0,0,0,0,0
data,131326,21,12,65000,-2543,3035,395955,12995,raw_ad5933_range4_pga1,0,0,0,0,0,0,0,0,0,0,0
data,131464,21,13,70000,-2713,2878,395516,13330,raw_ad5933_range4_pga1,0,0,0,0,0,0,0,0,0,0,0
data,131602,21,14,75000,-2870,2719,395346,13654,raw_ad5933_range4_pga1,0,0,0,0,0,0,0,0,0,0,0
data,131740,21,15,80000,-3013,2553,394917,13972,raw_ad5933_range4_pga1,0,0,0,0,0,0,0,0,0,0,0
data,131877,21,16,85000,-3147,2369,393901,14302,raw_ad5933_range4_pga1,0,0,0,0,0,0,0,0,0,0,0
data,132015,21,17,90000,-3266,2187,393061,14619,raw_ad5933_range4_pga1,0,0,0,0,0,0,0,0,0,0,0
data,132153,21,18,95000,-3381,2007,393182,14930,raw_ad5933_range4_pga1,0,0,0,0,0,0,0,0,0,0,0
data,132291,21,19,100000,-3478,1810,392079,15250,raw_ad5933_range4_pga1,0,0,0,0,0,0,0,0,0,0,0
status,132408,21,0,0,0,0,0,0,sweep_end,0,0,0,0,0,0,0,0,0,0,0
status,135484,0,0,0,0,0,0,0,i2c_pc8_pc9_scan_start
status,135647,0,0,0,0,0,0,0,i2c_pc8_pc9_found_0x68
status,135722,0,0,0,0,0,0,0,i2c_pc8_pc9_scan_end_count_1
imu,135794,0,0,0,0,0,0,0,imu_not_ready,0x68,0xFF,0,0,0,0,0,0,0,0x00,0
status,135875,22,0,0,0,0,0,0,sweep_start_5k_to_100k,0,0,0,0,0,0,0,0,0,0,0
data,136046,22,0,5000,673,3795,385421,7994,raw_ad5933_range4_pga1,0,0,0,0,0,0,0,0,0,0,0
data,136178,22,1,10000,21,3962,396206,8969,raw_ad5933_range4_pga1,0,0,0,0,0,0,0,0,0,0,0
data,136310,22,2,15000,-344,3954,396894,9497,raw_ad5933_range4_pga1,0,0,0,0,0,0,0,0,0,0,0
data,136444,22,3,20000,-635,3925,397603,9918,raw_ad5933_range4_pga1,0,0,0,0,0,0,0,0,0,0,0
data,136579,22,4,25000,-904,3871,397516,10314,raw_ad5933_range4_pga1,0,0,0,0,0,0,0,0,0,0,0
data,136714,22,5,30000,-1150,3810,397977,10679,raw_ad5933_range4_pga1,0,0,0,0,0,0,0,0,0,0,0
data,136851,22,6,35000,-1373,3728,397280,11021,raw_ad5933_range4_pga1,0,0,0,0,0,0,0,0,0,0,0
data,136988,22,7,40000,-1591,3651,398260,11354,raw_ad5933_range4_pga1,0,0,0,0,0,0,0,0,0,0,0
data,137124,22,8,45000,-1804,3540,397316,11700,raw_ad5933_range4_pga1,0,0,0,0,0,0,0,0,0,0,0
data,137261,22,9,50000,-2005,3428,397130,12032,raw_ad5933_range4_pga1,0,0,0,0,0,0,0,0,0,0,0
data,137398,22,10,55000,-2197,3313,397527,12355,raw_ad5933_range4_pga1,0,0,0,0,0,0,0,0,0,0,0
data,137535,22,11,60000,-2381,3162,395821,12697,raw_ad5933_range4_pga1,0,0,0,0,0,0,0,0,0,0,0
data,137673,22,12,65000,-2549,3031,396035,13006,raw_ad5933_range4_pga1,0,0,0,0,0,0,0,0,0,0,0
data,137811,22,13,70000,-2716,2884,396158,13328,raw_ad5933_range4_pga1,0,0,0,0,0,0,0,0,0,0,0
data,137949,22,14,75000,-2867,2720,395197,13650,raw_ad5933_range4_pga1,0,0,0,0,0,0,0,0,0,0,0
data,138087,22,15,80000,-3005,2550,394113,13968,raw_ad5933_range4_pga1,0,0,0,0,0,0,0,0,0,0,0
data,138224,22,16,85000,-3150,2382,394923,14290,raw_ad5933_range4_pga1,0,0,0,0,0,0,0,0,0,0,0
data,138362,22,17,90000,-3268,2194,393617,14612,raw_ad5933_range4_pga1,0,0,0,0,0,0,0,0,0,0,0
data,138500,22,18,95000,-3381,2004,393029,14934,raw_ad5933_range4_pga1,0,0,0,0,0,0,0,0,0,0,0
data,138638,22,19,100000,-3480,1810,392256,15252,raw_ad5933_range4_pga1,0,0,0,0,0,0,0,0,0,0,0
status,138755,22,0,0,0,0,0,0,sweep_end,0,0,0,0,0,0,0,0,0,0,0
status,141831,0,0,0,0,0,0,0,i2c_pc8_pc9_scan_start
status,141994,0,0,0,0,0,0,0,i2c_pc8_pc9_found_0x68
status,142069,0,0,0,0,0,0,0,i2c_pc8_pc9_scan_end_count_1
imu,142153,0,0,0,0,0,0,0,imu_not_ready,0x68,0x6B,0,0,0,0,0,0,0,0x00,0
status,142234,23,0,0,0,0,0,0,sweep_start_5k_to_100k,0,0,0,0,0,0,0,0,0,0,0
data,142405,23,0,5000,675,3801,386047,7993,raw_ad5933_range4_pga1,0,0,0,0,0,0,0,0,0,0,0
data,142537,23,1,10000,25,3951,395108,8963,raw_ad5933_range4_pga1,0,0,0,0,0,0,0,0,0,0,0
data,142669,23,2,15000,-350,3955,397046,9505,raw_ad5933_range4_pga1,0,0,0,0,0,0,0,0,0,0,0
data,142803,23,3,20000,-647,3934,398685,9933,raw_ad5933_range4_pga1,0,0,0,0,0,0,0,0,0,0,0
data,142938,23,4,25000,-900,3864,396743,10311,raw_ad5933_range4_pga1,0,0,0,0,0,0,0,0,0,0,0
data,143073,23,5,30000,-1151,3810,398006,10680,raw_ad5933_range4_pga1,0,0,0,0,0,0,0,0,0,0,0
data,143210,23,6,35000,-1381,3733,398026,11030,raw_ad5933_range4_pga1,0,0,0,0,0,0,0,0,0,0,0
data,143347,23,7,40000,-1590,3652,398311,11352,raw_ad5933_range4_pga1,0,0,0,0,0,0,0,0,0,0,0
data,143483,23,8,45000,-1799,3534,396555,11697,raw_ad5933_range4_pga1,0,0,0,0,0,0,0,0,0,0,0
data,143620,23,9,50000,-2008,3430,397454,12034,raw_ad5933_range4_pga1,0,0,0,0,0,0,0,0,0,0,0
data,143757,23,10,55000,-2195,3310,397167,12355,raw_ad5933_range4_pga1,0,0,0,0,0,0,0,0,0,0,0
data,143894,23,11,60000,-2382,3179,397240,12684,raw_ad5933_range4_pga1,0,0,0,0,0,0,0,0,0,0,0
data,144032,23,12,65000,-2552,3035,396534,13005,raw_ad5933_range4_pga1,0,0,0,0,0,0,0,0,0,0,0
data,144170,23,13,70000,-2713,2877,395443,13331,raw_ad5933_range4_pga1,0,0,0,0,0,0,0,0,0,0,0
data,144308,23,14,75000,-2867,2721,395266,13649,raw_ad5933_range4_pga1,0,0,0,0,0,0,0,0,0,0,0
data,144446,23,15,80000,-3009,2554,394677,13967,raw_ad5933_range4_pga1,0,0,0,0,0,0,0,0,0,0,0
data,144584,23,16,85000,-3142,2363,393140,14305,raw_ad5933_range4_pga1,0,0,0,0,0,0,0,0,0,0,0
data,144721,23,17,90000,-3262,2197,393287,14603,raw_ad5933_range4_pga1,0,0,0,0,0,0,0,0,0,0,0
data,144859,23,18,95000,-3381,2007,393182,14930,raw_ad5933_range4_pga1,0,0,0,0,0,0,0,0,0,0,0
data,144997,23,19,100000,-3479,1810,392168,15251,raw_ad5933_range4_pga1,0,0,0,0,0,0,0,0,0,0,0
status,145114,23,0,0,0,0,0,0,sweep_end,0,0,0,0,0,0,0,0,0,0,0
status,148190,0,0,0,0,0,0,0,i2c_pc8_pc9_scan_start
status,148353,0,0,0,0,0,0,0,i2c_pc8_pc9_found_0x68
status,148428,0,0,0,0,0,0,0,i2c_pc8_pc9_scan_end_count_1
imu,148512,0,0,0,0,0,0,0,imu_not_ready,0x68,0x68,0,0,0,0,0,0,0,0x00,0
status,148593,24,0,0,0,0,0,0,sweep_start_5k_to_100k,0,0,0,0,0,0,0,0,0,0,0
data,148764,24,0,5000,676,3796,385572,7990,raw_ad5933_range4_pga1,0,0,0,0,0,0,0,0,0,0,0
data,148896,24,1,10000,28,3950,395010,8959,raw_ad5933_range4_pga1,0,0,0,0,0,0,0,0,0,0,0
data,149028,24,2,15000,-347,3953,396820,9501,raw_ad5933_range4_pga1,0,0,0,0,0,0,0,0,0,0,0
data,149162,24,3,20000,-648,3927,398010,9937,raw_ad5933_range4_pga1,0,0,0,0,0,0,0,0,0,0,0
data,149297,24,4,25000,-906,3877,398145,10315,raw_ad5933_range4_pga1,0,0,0,0,0,0,0,0,0,0,0
data,149432,24,5,30000,-1145,3812,398025,10671,raw_ad5933_range4_pga1,0,0,0,0,0,0,0,0,0,0,0
data,149569,24,6,35000,-1379,3721,396831,11033,raw_ad5933_range4_pga1,0,0,0,0,0,0,0,0,0,0,0
data,149706,24,7,40000,-1594,3648,398105,11360,raw_ad5933_range4_pga1,0,0,0,0,0,0,0,0,0,0,0
data,149842,24,8,45000,-1806,3543,397674,11700,raw_ad5933_range4_pga1,0,0,0,0,0,0,0,0,0,0,0
data,149979,24,9,50000,-2011,3425,397174,12041,raw_ad5933_range4_pga1,0,0,0,0,0,0,0,0,0,0,0
data,150116,24,10,55000,-2196,3300,396389,12364,raw_ad5933_range4_pga1,0,0,0,0,0,0,0,0,0,0,0
data,150253,24,11,60000,-2377,3174,396540,12682,raw_ad5933_range4_pga1,0,0,0,0,0,0,0,0,0,0,0
data,150391,24,12,65000,-2548,3033,396124,13003,raw_ad5933_range4_pga1,0,0,0,0,0,0,0,0,0,0,0
data,150529,24,13,70000,-2714,2878,395584,13332,raw_ad5933_range4_pga1,0,0,0,0,0,0,0,0,0,0,0
data,150667,24,14,75000,-2861,2711,394143,13654,raw_ad5933_range4_pga1,0,0,0,0,0,0,0,0,0,0,0
data,150805,24,15,80000,-3013,2552,394853,13973,raw_ad5933_range4_pga1,0,0,0,0,0,0,0,0,0,0,0
data,150942,24,16,85000,-3146,2374,394122,14296,raw_ad5933_range4_pga1,0,0,0,0,0,0,0,0,0,0,0
data,151080,24,17,90000,-3269,2191,393533,14616,raw_ad5933_range4_pga1,0,0,0,0,0,0,0,0,0,0,0
data,151218,24,18,95000,-3377,2001,392532,14935,raw_ad5933_range4_pga1,0,0,0,0,0,0,0,0,0,0,0
data,151356,24,19,100000,-3474,1820,392187,15235,raw_ad5933_range4_pga1,0,0,0,0,0,0,0,0,0,0,0
status,151473,24,0,0,0,0,0,0,sweep_end,0,0,0,0,0,0,0,0,0,0,0
status,154549,0,0,0,0,0,0,0,i2c_pc8_pc9_scan_start
status,154712,0,0,0,0,0,0,0,i2c_pc8_pc9_found_0x68
status,154787,0,0,0,0,0,0,0,i2c_pc8_pc9_scan_end_count_1
imu,154871,0,0,0,0,0,0,0,imu_not_ready,0x68,0x7F,0,0,0,0,0,0,0,0x00,0
status,154952,25,0,0,0,0,0,0,sweep_start_5k_to_100k,0,0,0,0,0,0,0,0,0,0,0
data,155122,25,0,5000,671,3796,385485,7997,raw_ad5933_range4_pga1,0,0,0,0,0,0,0,0,0,0,0
data,155254,25,1,10000,21,3945,394506,8969,raw_ad5933_range4_pga1,0,0,0,0,0,0,0,0,0,0,0
data,155386,25,2,15000,-348,3953,396829,9503,raw_ad5933_range4_pga1,0,0,0,0,0,0,0,0,0,0,0
data,155520,25,3,20000,-645,3930,398258,9932,raw_ad5933_range4_pga1,0,0,0,0,0,0,0,0,0,0,0
data,155655,25,4,25000,-904,3881,398489,10311,raw_ad5933_range4_pga1,0,0,0,0,0,0,0,0,0,0,0
data,155790,25,5,30000,-1147,3813,398178,10674,raw_ad5933_range4_pga1,0,0,0,0,0,0,0,0,0,0,0
data,155927,25,6,35000,-1377,3737,398262,11022,raw_ad5933_range4_pga1,0,0,0,0,0,0,0,0,0,0,0
data,156064,25,7,40000,-1591,3649,398076,11355,raw_ad5933_range4_pga1,0,0,0,0,0,0,0,0,0,0,0
data,156200,25,8,45000,-1800,3544,397491,11692,raw_ad5933_range4_pga1,0,0,0,0,0,0,0,0,0,0,0
data,156337,25,9,50000,-2004,3431,397338,12028,raw_ad5933_range4_pga1,0,0,0,0,0,0,0,0,0,0,0
data,156474,25,10,55000,-2195,3306,396833,12358,raw_ad5933_range4_pga1,0,0,0,0,0,0,0,0,0,0,0
data,156611,25,11,60000,-2380,3178,397040,12682,raw_ad5933_range4_pga1,0,0,0,0,0,0,0,0,0,0,0
data,156749,25,12,65000,-2553,3025,395834,13016,raw_ad5933_range4_pga1,0,0,0,0,0,0,0,0,0,0,0
data,156887,25,13,70000,-2714,2880,395730,13330,raw_ad5933_range4_pga1,0,0,0,0,0,0,0,0,0,0,0
data,157025,25,14,75000,-2868,2721,395339,13650,raw_ad5933_range4_pga1,0,0,0,0,0,0,0,0,0,0,0
data,157163,25,15,80000,-3010,2551,394559,13971,raw_ad5933_range4_pga1,0,0,0,0,0,0,0,0,0,0,0
data,157301,25,16,85000,-3134,2368,392803,14292,raw_ad5933_range4_pga1,0,0,0,0,0,0,0,0,0,0,0
data,157438,25,17,90000,-3275,2198,394421,14613,raw_ad5933_range4_pga1,0,0,0,0,0,0,0,0,0,0,0
data,157576,25,18,95000,-3385,2007,393526,14933,raw_ad5933_range4_pga1,0,0,0,0,0,0,0,0,0,0,0
data,157714,25,19,100000,-3477,1812,392083,15247,raw_ad5933_range4_pga1,0,0,0,0,0,0,0,0,0,0,0
status,157831,25,0,0,0,0,0,0,sweep_end,0,0,0,0,0,0,0,0,0,0,0
status,160907,0,0,0,0,0,0,0,i2c_pc8_pc9_scan_start
status,161070,0,0,0,0,0,0,0,i2c_pc8_pc9_found_0x68
status,161145,0,0,0,0,0,0,0,i2c_pc8_pc9_scan_end_count_1
imu,161217,0,0,0,0,0,0,0,imu_not_ready,0x68,0xFF,0,0,0,0,0,0,0,0x00,0
status,161298,26,0,0,0,0,0,0,sweep_start_5k_to_100k,0,0,0,0,0,0,0,0,0,0,0
data,161469,26,0,5000,674,3796,385537,7993,raw_ad5933_range4_pga1,0,0,0,0,0,0,0,0,0,0,0
data,161601,26,1,10000,28,3951,395110,8959,raw_ad5933_range4_pga1,0,0,0,0,0,0,0,0,0,0,0
data,161733,26,2,15000,-347,3955,397019,9501,raw_ad5933_range4_pga1,0,0,0,0,0,0,0,0,0,0,0
data,161867,26,3,20000,-649,3935,398816,9936,raw_ad5933_range4_pga1,0,0,0,0,0,0,0,0,0,0,0
data,162002,26,4,25000,-899,3876,397889,10305,raw_ad5933_range4_pga1,0,0,0,0,0,0,0,0,0,0,0
data,162137,26,5,30000,-1147,3813,398178,10674,raw_ad5933_range4_pga1,0,0,0,0,0,0,0,0,0,0,0
data,162274,26,6,35000,-1377,3737,398262,11022,raw_ad5933_range4_pga1,0,0,0,0,0,0,0,0,0,0,0
data,162411,26,7,40000,-1596,3647,398093,11363,raw_ad5933_range4_pga1,0,0,0,0,0,0,0,0,0,0,0
data,162547,26,8,45000,-1807,3545,397898,11700,raw_ad5933_range4_pga1,0,0,0,0,0,0,0,0,0,0,0
data,162684,26,9,50000,-2008,3429,397368,12035,raw_ad5933_range4_pga1,0,0,0,0,0,0,0,0,0,0,0
data,162821,26,10,55000,-2178,3312,396397,12332,raw_ad5933_range4_pga1,0,0,0,0,0,0,0,0,0,0,0
data,162958,26,11,60000,-2376,3184,397281,12673,raw_ad5933_range4_pga1,0,0,0,0,0,0,0,0,0,0,0
data,163096,26,12,65000,-2554,3036,396739,13007,raw_ad5933_range4_pga1,0,0,0,0,0,0,0,0,0,0,0
data,163234,26,13,70000,-2711,2881,395597,13325,raw_ad5933_range4_pga1,0,0,0,0,0,0,0,0,0,0,0
data,163372,26,14,75000,-2867,2718,395060,13652,raw_ad5933_range4_pga1,0,0,0,0,0,0,0,0,0,0,0
data,163510,26,15,80000,-3009,2548,394289,13974,raw_ad5933_range4_pga1,0,0,0,0,0,0,0,0,0,0,0
data,163647,26,16,85000,-3156,2376,395041,14302,raw_ad5933_range4_pga1,0,0,0,0,0,0,0,0,0,0,0
data,163785,26,17,90000,-3275,2194,394199,14618,raw_ad5933_range4_pga1,0,0,0,0,0,0,0,0,0,0,0
data,163923,26,18,95000,-3381,2004,393029,14934,raw_ad5933_range4_pga1,0,0,0,0,0,0,0,0,0,0,0
data,164061,26,19,100000,-3476,1810,391901,15249,raw_ad5933_range4_pga1,0,0,0,0,0,0,0,0,0,0,0
status,164178,26,0,0,0,0,0,0,sweep_end,0,0,0,0,0,0,0,0,0,0,0
status,167254,0,0,0,0,0,0,0,i2c_pc8_pc9_scan_start
status,167417,0,0,0,0,0,0,0,i2c_pc8_pc9_found_0x68
status,167492,0,0,0,0,0,0,0,i2c_pc8_pc9_scan_end_count_1
imu,167576,0,0,0,0,0,0,0,imu_not_ready,0x68,0x68,0,0,0,0,0,0,0,0x00,0
status,167657,27,0,0,0,0,0,0,sweep_start_5k_to_100k,0,0,0,0,0,0,0,0,0,0,0
data,167827,27,0,5000,674,3793,385242,7992,raw_ad5933_range4_pga1,0,0,0,0,0,0,0,0,0,0,0
data,167959,27,1,10000,24,3947,394707,8965,raw_ad5933_range4_pga1,0,0,0,0,0,0,0,0,0,0,0
data,168091,27,2,15000,-346,3952,396712,9500,raw_ad5933_range4_pga1,0,0,0,0,0,0,0,0,0,0,0
data,168225,27,3,20000,-639,3930,398161,9923,raw_ad5933_range4_pga1,0,0,0,0,0,0,0,0,0,0,0
data,168360,27,4,25000,-908,3879,398386,10317,raw_ad5933_range4_pga1,0,0,0,0,0,0,0,0,0,0,0
data,168495,27,5,30000,-1147,3811,397987,10675,raw_ad5933_range4_pga1,0,0,0,0,0,0,0,0,0,0,0
data,168632,27,6,35000,-1383,3724,397251,11037,raw_ad5933_range4_pga1,0,0,0,0,0,0,0,0,0,0,0
data,168769,27,7,40000,-1594,3646,397922,11361,raw_ad5933_range4_pga1,0,0,0,0,0,0,0,0,0,0,0
data,168905,27,8,45000,-1804,3542,397494,11699,raw_ad5933_range4_pga1,0,0,0,0,0,0,0,0,0,0,0
data,169042,27,9,50000,-2002,3431,397238,12026,raw_ad5933_range4_pga1,0,0,0,0,0,0,0,0,0,0,0
data,169179,27,10,55000,-2194,3308,396945,12355,raw_ad5933_range4_pga1,0,0,0,0,0,0,0,0,0,0,0
data,169316,27,11,60000,-2391,3180,397860,12693,raw_ad5933_range4_pga1,0,0,0,0,0,0,0,0,0,0,0
data,169454,27,12,65000,-2548,3032,396047,13004,raw_ad5933_range4_pga1,0,0,0,0,0,0,0,0,0,0,0
data,169592,27,13,70000,-2716,2880,395867,13332,raw_ad5933_range4_pga1,0,0,0,0,0,0,0,0,0,0,0
data,169730,27,14,75000,-2869,2723,395549,13649,raw_ad5933_range4_pga1,0,0,0,0,0,0,0,0,0,0,0
data,169868,27,15,80000,-3002,2542,393367,13974,raw_ad5933_range4_pga1,0,0,0,0,0,0,0,0,0,0,0
data,170006,27,16,85000,-3148,2378,394522,14293,raw_ad5933_range4_pga1,0,0,0,0,0,0,0,0,0,0,0
data,170143,27,17,90000,-3272,2186,393505,14625,raw_ad5933_range4_pga1,0,0,0,0,0,0,0,0,0,0,0
data,170281,27,18,95000,-3380,2002,392841,14936,raw_ad5933_range4_pga1,0,0,0,0,0,0,0,0,0,0,0
data,170419,27,19,100000,-3474,1816,392002,15240,raw_ad5933_range4_pga1,0,0,0,0,0,0,0,0,0,0,0
status,170536,27,0,0,0,0,0,0,sweep_end,0,0,0,0,0,0,0,0,0,0,0
status,173612,0,0,0,0,0,0,0,i2c_pc8_pc9_scan_start
status,173775,0,0,0,0,0,0,0,i2c_pc8_pc9_found_0x68
status,173850,0,0,0,0,0,0,0,i2c_pc8_pc9_scan_end_count_1
imu,173934,0,0,0,0,0,0,0,imu_not_ready,0x68,0x7F,0,0,0,0,0,0,0,0x00,0
status,174015,28,0,0,0,0,0,0,sweep_start_5k_to_100k,0,0,0,0,0,0,0,0,0,0,0
data,174186,28,0,5000,696,3786,384944,7958,raw_ad5933_range4_pga1,0,0,0,0,0,0,0,0,0,0,0
data,174318,28,1,10000,27,3952,395209,8960,raw_ad5933_range4_pga1,0,0,0,0,0,0,0,0,0,0,0
data,174450,28,2,15000,-353,3951,396674,9510,raw_ad5933_range4_pga1,0,0,0,0,0,0,0,0,0,0,0
data,174584,28,3,20000,-645,3931,398356,9931,raw_ad5933_range4_pga1,0,0,0,0,0,0,0,0,0,0,0
data,174719,28,4,25000,-907,3877,398168,10316,raw_ad5933_range4_pga1,0,0,0,0,0,0,0,0,0,0,0
data,174854,28,5,30000,-1137,3810,397604,10661,raw_ad5933_range4_pga1,0,0,0,0,0,0,0,0,0,0,0
data,174991,28,6,35000,-1379,3734,398050,11026,raw_ad5933_range4_pga1,0,0,0,0,0,0,0,0,0,0,0
data,175128,28,7,40000,-1594,3645,397830,11362,raw_ad5933_range4_pga1,0,0,0,0,0,0,0,0,0,0,0
data,175264,28,8,45000,-1805,3544,397718,11699,raw_ad5933_range4_pga1,0,0,0,0,0,0,0,0,0,0,0
data,175401,28,9,50000,-2007,3432,397576,12031,raw_ad5933_range4_pga1,0,0,0,0,0,0,0,0,0,0,0
data,175538,28,10,55000,-2192,3309,396917,12352,raw_ad5933_range4_pga1,0,0,0,0,0,0,0,0,0,0,0
data,175675,28,11,60000,-2377,3173,396460,12683,raw_ad5933_range4_pga1,0,0,0,0,0,0,0,0,0,0,0
data,175813,28,12,65000,-2553,3035,396598,13007,raw_ad5933_range4_pga1,0,0,0,0,0,0,0,0,0,0,0
data,175951,28,13,70000,-2702,2886,395345,13311,raw_ad5933_range4_pga1,0,0,0,0,0,0,0,0,0,0,0
data,176089,28,14,75000,-2866,2733,396021,13636,raw_ad5933_range4_pga1,0,0,0,0,0,0,0,0,0,0,0
data,176227,28,15,80000,-3012,2554,394906,13970,raw_ad5933_range4_pga1,0,0,0,0,0,0,0,0,0,0,0
data,176364,28,16,85000,-3142,2375,393863,14291,raw_ad5933_range4_pga1,0,0,0,0,0,0,0,0,0,0,0
data,176502,28,17,90000,-3273,2192,393921,14618,raw_ad5933_range4_pga1,0,0,0,0,0,0,0,0,0,0,0
data,176640,28,18,95000,-3375,2002,392411,14932,raw_ad5933_range4_pga1,0,0,0,0,0,0,0,0,0,0,0
data,176778,28,19,100000,-3472,1823,392149,15229,raw_ad5933_range4_pga1,0,0,0,0,0,0,0,0,0,0,0
status,176895,28,0,0,0,0,0,0,sweep_end,0,0,0,0,0,0,0,0,0,0,0
status,179971,0,0,0,0,0,0,0,i2c_pc8_pc9_scan_start
status,180134,0,0,0,0,0,0,0,i2c_pc8_pc9_found_0x68
status,180209,0,0,0,0,0,0,0,i2c_pc8_pc9_scan_end_count_1
imu,180281,0,0,0,0,0,0,0,imu_not_ready,0x68,0xFF,0,0,0,0,0,0,0,0x00,0
status,180362,29,0,0,0,0,0,0,sweep_start_5k_to_100k,0,0,0,0,0,0,0,0,0,0,0
data,180533,29,0,5000,681,3794,385463,7982,raw_ad5933_range4_pga1,0,0,0,0,0,0,0,0,0,0,0
data,180665,29,1,10000,28,3952,395210,8959,raw_ad5933_range4_pga1,0,0,0,0,0,0,0,0,0,0,0
data,180797,29,2,15000,-342,3954,396876,9494,raw_ad5933_range4_pga1,0,0,0,0,0,0,0,0,0,0,0
data,180931,29,3,20000,-646,3928,398077,9933,raw_ad5933_range4_pga1,0,0,0,0,0,0,0,0,0,0,0
data,181066,29,4,25000,-905,3877,398123,10313,raw_ad5933_range4_pga1,0,0,0,0,0,0,0,0,0,0,0
data,181201,29,5,30000,-1151,3810,398006,10680,raw_ad5933_range4_pga1,0,0,0,0,0,0,0,0,0,0,0
data,181338,29,6,35000,-1378,3732,397828,11026,raw_ad5933_range4_pga1,0,0,0,0,0,0,0,0,0,0,0
data,181475,29,7,40000,-1594,3651,398380,11358,raw_ad5933_range4_pga1,0,0,0,0,0,0,0,0,0,0,0
data,181611,29,8,45000,-1804,3542,397494,11699,raw_ad5933_range4_pga1,0,0,0,0,0,0,0,0,0,0,0
data,181748,29,9,50000,-2011,3433,397864,12036,raw_ad5933_range4_pga1,0,0,0,0,0,0,0,0,0,0,0
data,181885,29,10,55000,-2198,3309,397249,12359,raw_ad5933_range4_pga1,0,0,0,0,0,0,0,0,0,0,0
data,182022,29,11,60000,-2380,3175,396800,12685,raw_ad5933_range4_pga1,0,0,0,0,0,0,0,0,0,0,0
data,182160,29,12,65000,-2548,3031,395971,13005,raw_ad5933_range4_pga1,0,0,0,0,0,0,0,0,0,0,0
data,182298,29,13,70000,-2723,2879,396275,13340,raw_ad5933_range4_pga1,0,0,0,0,0,0,0,0,0,0,0
data,182436,29,14,75000,-2866,2717,394918,13652,raw_ad5933_range4_pga1,0,0,0,0,0,0,0,0,0,0,0
data,182574,29,15,80000,-3015,2552,395005,13975,raw_ad5933_range4_pga1,0,0,0,0,0,0,0,0,0,0,0
data,182712,29,16,85000,-3150,2374,394441,14299,raw_ad5933_range4_pga1,0,0,0,0,0,0,0,0,0,0,0
data,182849,29,17,90000,-3271,2196,393978,14612,raw_ad5933_range4_pga1,0,0,0,0,0,0,0,0,0,0,0
data,182987,29,18,95000,-3389,2007,393870,14936,raw_ad5933_range4_pga1,0,0,0,0,0,0,0,0,0,0,0
data,183125,29,19,100000,-3480,1810,392256,15252,raw_ad5933_range4_pga1,0,0,0,0,0,0,0,0,0,0,0
status,183242,29,0,0,0,0,0,0,sweep_end,0,0,0,0,0,0,0,0,0,0,0
status,186318,0,0,0,0,0,0,0,i2c_pc8_pc9_scan_start
status,186481,0,0,0,0,0,0,0,i2c_pc8_pc9_found_0x68
status,186556,0,0,0,0,0,0,0,i2c_pc8_pc9_scan_end_count_1
imu,186628,0,0,0,0,0,0,0,imu_not_ready,0x68,0xFF,0,0,0,0,0,0,0,0x00,0
status,186709,30,0,0,0,0,0,0,sweep_start_5k_to_100k,0,0,0,0,0,0,0,0,0,0,0
data,186880,30,0,5000,675,3798,385752,7992,raw_ad5933_range4_pga1,0,0,0,0,0,0,0,0,0,0,0
data,187012,30,1,10000,30,3953,395311,8956,raw_ad5933_range4_pga1,0,0,0,0,0,0,0,0,0,0,0
data,187144,30,2,15000,-344,3956,397093,9496,raw_ad5933_range4_pga1,0,0,0,0,0,0,0,0,0,0,0
data,187278,30,3,20000,-648,3914,396728,9940,raw_ad5933_range4_pga1,0,0,0,0,0,0,0,0,0,0,0
data,187413,30,4,25000,-906,3875,397951,10315,raw_ad5933_range4_pga1,0,0,0,0,0,0,0,0,0,0,0
data,187548,30,5,30000,-1158,3814,398592,10688,raw_ad5933_range4_pga1,0,0,0,0,0,0,0,0,0,0,0
data,187685,30,6,35000,-1372,3735,397902,11017,raw_ad5933_range4_pga1,0,0,0,0,0,0,0,0,0,0,0
data,187822,30,7,40000,-1594,3648,398105,11360,raw_ad5933_range4_pga1,0,0,0,0,0,0,0,0,0,0,0
data,187958,30,8,45000,-1805,3542,397540,11700,raw_ad5933_range4_pga1,0,0,0,0,0,0,0,0,0,0,0
data,188095,30,9,50000,-2008,3433,397713,12032,raw_ad5933_range4_pga1,0,0,0,0,0,0,0,0,0,0,0
data,188232,30,10,55000,-2196,3296,396056,12367,raw_ad5933_range4_pga1,0,0,0,0,0,0,0,0,0,0,0
data,188369,30,11,60000,-2378,3178,396920,12680,raw_ad5933_range4_pga1,0,0,0,0,0,0,0,0,0,0,0
data,188507,30,12,65000,-2548,3034,396200,13002,raw_ad5933_range4_pga1,0,0,0,0,0,0,0,0,0,0,0
data,188645,30,13,70000,-2714,2881,395802,13329,raw_ad5933_range4_pga1,0,0,0,0,0,0,0,0,0,0,0
data,188783,30,14,75000,-2871,2722,395625,13652,raw_ad5933_range4_pga1,0,0,0,0,0,0,0,0,0,0,0
data,188921,30,15,80000,-3012,2560,395294,13963,raw_ad5933_range4_pga1,0,0,0,0,0,0,0,0,0,0,0
data,189059,30,16,85000,-3146,2370,393881,14300,raw_ad5933_range4_pga1,0,0,0,0,0,0,0,0,0,0,0
data,189196,30,17,90000,-3276,2189,394004,14624,raw_ad5933_range4_pga1,0,0,0,0,0,0,0,0,0,0,0
data,189334,30,18,95000,-3381,2003,392978,14935,raw_ad5933_range4_pga1,0,0,0,0,0,0,0,0,0,0,0
data,189472,30,19,100000,-3485,1808,392608,15257,raw_ad5933_range4_pga1,0,0,0,0,0,0,0,0,0,0,0
status,189589,30,0,0,0,0,0,0,sweep_end,0,0,0,0,0,0,0,0,0,0,0
status,192665,0,0,0,0,0,0,0,i2c_pc8_pc9_scan_start
status,192828,0,0,0,0,0,0,0,i2c_pc8_pc9_found_0x68
status,192903,0,0,0,0,0,0,0,i2c_pc8_pc9_scan_end_count_1
imu,192987,0,0,0,0,0,0,0,imu_not_ready,0x68,0x68,0,0,0,0,0,0,0,0x00,0
status,193068,31,0,0,0,0,0,0,sweep_start_5k_to_100k,0,0,0,0,0,0,0,0,0,0,0
data,193239,31,0,5000,665,3786,384396,8003,raw_ad5933_range4_pga1,0,0,0,0,0,0,0,0,0,0,0
data,193371,31,1,10000,26,3952,395209,8962,raw_ad5933_range4_pga1,0,0,0,0,0,0,0,0,0,0,0
data,193503,31,2,15000,-342,3943,395780,9495,raw_ad5933_range4_pga1,0,0,0,0,0,0,0,0,0,0,0
data,193637,31,3,20000,-646,3931,398373,9933,raw_ad5933_range4_pga1,0,0,0,0,0,0,0,0,0,0,0
data,193772,31,4,25000,-907,3876,398071,10317,raw_ad5933_range4_pga1,0,0,0,0,0,0,0,0,0,0,0
data,193907,31,5,30000,-1149,3815,398427,10676,raw_ad5933_range4_pga1,0,0,0,0,0,0,0,0,0,0,0
data,194044,31,6,35000,-1378,3736,398203,11024,raw_ad5933_range4_pga1,0,0,0,0,0,0,0,0,0,0,0
data,194181,31,7,40000,-1591,3649,398076,11355,raw_ad5933_range4_pga1,0,0,0,0,0,0,0,0,0,0,0
data,194317,31,8,45000,-1804,3536,396960,11702,raw_ad5933_range4_pga1,0,0,0,0,0,0,0,0,0,0,0
data,194454,31,9,50000,-2011,3437,398210,12033,raw_ad5933_range4_pga1,0,0,0,0,0,0,0,0,0,0,0
data,194591,31,10,55000,-2197,3312,397444,12355,raw_ad5933_range4_pga1,0,0,0,0,0,0,0,0,0,0,0
data,194728,31,11,60000,-2383,3177,397140,12687,raw_ad5933_range4_pga1,0,0,0,0,0,0,0,0,0,0,0
data,194866,31,12,65000,-2551,3031,396164,13008,raw_ad5933_range4_pga1,0,0,0,0,0,0,0,0,0,0,0
data,195004,31,13,70000,-2712,2869,394792,13338,raw_ad5933_range4_pga1,0,0,0,0,0,0,0,0,0,0,0
data,195142,31,14,75000,-2867,2730,395886,13640,raw_ad5933_range4_pga1,0,0,0,0,0,0,0,0,0,0,0
data,195280,31,15,80000,-3012,2549,394583,13975,raw_ad5933_range4_pga1,0,0,0,0,0,0,0,0,0,0,0
data,195417,31,16,85000,-3148,2374,394281,14297,raw_ad5933_range4_pga1,0,0,0,0,0,0,0,0,0,0,0
data,195555,31,17,90000,-3265,2196,393480,14607,raw_ad5933_range4_pga1,0,0,0,0,0,0,0,0,0,0,0
data,195693,31,18,95000,-3376,1997,392242,14939,raw_ad5933_range4_pga1,0,0,0,0,0,0,0,0,0,0,0
data,195831,31,19,100000,-3475,1796,391168,15266,raw_ad5933_range4_pga1,0,0,0,0,0,0,0,0,0,0,0
status,195948,31,0,0,0,0,0,0,sweep_end,0,0,0,0,0,0,0,0,0,0,0
status,199024,0,0,0,0,0,0,0,i2c_pc8_pc9_scan_start
status,199187,0,0,0,0,0,0,0,i2c_pc8_pc9_found_0x68
status,199262,0,0,0,0,0,0,0,i2c_pc8_pc9_scan_end_count_1
imu,199346,0,0,0,0,0,0,0,imu_not_ready,0x68,0x68,0,0,0,0,0,0,0,0x00,0
status,199427,32,0,0,0,0,0,0,sweep_start_5k_to_100k,0,0,0,0,0,0,0,0,0,0,0
data,199597,32,0,5000,675,3794,385358,7991,raw_ad5933_range4_pga1,0,0,0,0,0,0,0,0,0,0,0
data,199729,32,1,10000,27,3951,395109,8960,raw_ad5933_range4_pga1,0,0,0,0,0,0,0,0,0,0,0
data,199861,32,2,15000,-347,3952,396720,9501,raw_ad5933_range4_pga1,0,0,0,0,0,0,0,0,0,0,0
data,199995,32,3,20000,-646,3934,398669,9932,raw_ad5933_range4_pga1,0,0,0,0,0,0,0,0,0,0,0
data,200130,32,4,25000,-910,3869,397458,10323,raw_ad5933_range4_pga1,0,0,0,0,0,0,0,0,0,0,0
data,200265,32,5,30000,-1150,3812,398169,10678,raw_ad5933_range4_pga1,0,0,0,0,0,0,0,0,0,0,0
data,200402,32,6,35000,-1380,3734,398085,11028,raw_ad5933_range4_pga1,0,0,0,0,0,0,0,0,0,0,0
data,200539,32,7,40000,-1606,3661,399777,11368,raw_ad5933_range4_pga1,0,0,0,0,0,0,0,0,0,0,0
data,200675,32,8,45000,-1810,3552,398658,11700,raw_ad5933_range4_pga1,0,0,0,0,0,0,0,0,0,0,0
data,200812,32,9,50000,-2005,3432,397475,12029,raw_ad5933_range4_pga1,0,0,0,0,0,0,0,0,0,0,0
data,200949,32,10,55000,-2198,3309,397249,12359,raw_ad5933_range4_pga1,0,0,0,0,0,0,0,0,0,0,0
data,201086,32,11,60000,-2373,3177,396541,12675,raw_ad5933_range4_pga1,0,0,0,0,0,0,0,0,0,0,0
data,201224,32,12,65000,-2551,3039,396776,13001,raw_ad5933_range4_pga1,0,0,0,0,0,0,0,0,0,0,0
data,201362,32,13,70000,-2717,2879,395863,13334,raw_ad5933_range4_pga1,0,0,0,0,0,0,0,0,0,0,0
data,201500,32,14,75000,-2866,2717,394918,13652,raw_ad5933_range4_pga1,0,0,0,0,0,0,0,0,0,0,0
data,201638,32,15,80000,-3010,2551,394559,13971,raw_ad5933_range4_pga1,0,0,0,0,0,0,0,0,0,0,0
data,201776,32,16,85000,-3148,2380,394643,14290,raw_ad5933_range4_pga1,0,0,0,0,0,0,0,0,0,0,0
data,201913,32,17,90000,-3262,2196,393231,14605,raw_ad5933_range4_pga1,0,0,0,0,0,0,0,0,0,0,0
data,202051,32,18,95000,-3376,2003,392548,14931,raw_ad5933_range4_pga1,0,0,0,0,0,0,0,0,0,0,0
data,202189,32,19,100000,-3474,1808,391632,15250,raw_ad5933_range4_pga1,0,0,0,0,0,0,0,0,0,0,0
status,202306,32,0,0,0,0,0,0,sweep_end,0,0,0,0,0,0,0,0,0,0,0
status,205382,0,0,0,0,0,0,0,i2c_pc8_pc9_scan_start
status,205545,0,0,0,0,0,0,0,i2c_pc8_pc9_found_0x68
status,205620,0,0,0,0,0,0,0,i2c_pc8_pc9_scan_end_count_1
imu,205704,0,0,0,0,0,0,0,imu_not_ready,0x68,0x68,0,0,0,0,0,0,0,0x00,0
status,205785,33,0,0,0,0,0,0,sweep_start_5k_to_100k,0,0,0,0,0,0,0,0,0,0,0
data,205956,33,0,5000,678,3795,385509,7987,raw_ad5933_range4_pga1,0,0,0,0,0,0,0,0,0,0,0
data,206088,33,1,10000,37,3945,394517,8946,raw_ad5933_range4_pga1,0,0,0,0,0,0,0,0,0,0,0
data,206220,33,2,15000,-346,3951,396612,9500,raw_ad5933_range4_pga1,0,0,0,0,0,0,0,0,0,0,0
data,206354,33,3,20000,-643,3927,397929,9929,raw_ad5933_range4_pga1,0,0,0,0,0,0,0,0,0,0,0
data,206489,33,4,25000,-905,3874,397830,10314,raw_ad5933_range4_pga1,0,0,0,0,0,0,0,0,0,0,0
data,206624,33,5,30000,-1147,3814,398274,10673,raw_ad5933_range4_pga1,0,0,0,0,0,0,0,0,0,0,0
data,206761,33,6,35000,-1376,3733,397853,11023,raw_ad5933_range4_pga1,0,0,0,0,0,0,0,0,0,0,0
data,206898,33,7,40000,-1598,3644,397899,11367,raw_ad5933_range4_pga1,0,0,0,0,0,0,0,0,0,0,0
data,207034,33,8,45000,-1804,3541,397405,11699,raw_ad5933_range4_pga1,0,0,0,0,0,0,0,0,0,0,0
data,207171,33,9,50000,-2004,3432,397425,12028,raw_ad5933_range4_pga1,0,0,0,0,0,0,0,0,0,0,0
data,207308,33,10,55000,-2198,3309,397249,12359,raw_ad5933_range4_pga1,0,0,0,0,0,0,0,0,0,0,0
data,207445,33,11,60000,-2377,3175,396620,12682,raw_ad5933_range4_pga1,0,0,0,0,0,0,0,0,0,0,0
data,207583,33,12,65000,-2547,3027,395600,13007,raw_ad5933_range4_pga1,0,0,0,0,0,0,0,0,0,0,0
data,207721,33,13,70000,-2714,2880,395730,13330,raw_ad5933_range4_pga1,0,0,0,0,0,0,0,0,0,0,0
data,207859,33,14,75000,-2868,2719,395201,13652,raw_ad5933_range4_pga1,0,0,0,0,0,0,0,0,0,0,0
data,207997,33,15,80000,-3014,2549,394735,13977,raw_ad5933_range4_pga1,0,0,0,0,0,0,0,0,0,0,0
data,208134,33,16,85000,-3147,2370,393961,14301,raw_ad5933_range4_pga1,0,0,0,0,0,0,0,0,0,0,0
data,208272,33,17,90000,-3269,2194,393700,14613,raw_ad5933_range4_pga1,0,0,0,0,0,0,0,0,0,0,0
data,208410,33,18,95000,-3384,2012,393695,14926,raw_ad5933_range4_pga1,0,0,0,0,0,0,0,0,0,0,0
data,208548,33,19,100000,-3479,1812,392260,15248,raw_ad5933_range4_pga1,0,0,0,0,0,0,0,0,0,0,0
status,208665,33,0,0,0,0,0,0,sweep_end,0,0,0,0,0,0,0,0,0,0,0
status,211741,0,0,0,0,0,0,0,i2c_pc8_pc9_scan_start
status,211904,0,0,0,0,0,0,0,i2c_pc8_pc9_found_0x68
status,211979,0,0,0,0,0,0,0,i2c_pc8_pc9_scan_end_count_1
imu,212063,0,0,0,0,0,0,0,imu_not_ready,0x68,0x68,0,0,0,0,0,0,0,0x00,0
status,212144,34,0,0,0,0,0,0,sweep_start_5k_to_100k,0,0,0,0,0,0,0,0,0,0,0
data,212315,34,0,5000,675,3795,385456,7991,raw_ad5933_range4_pga1,0,0,0,0,0,0,0,0,0,0,0
data,212447,34,1,10000,26,3945,394509,8962,raw_ad5933_range4_pga1,0,0,0,0,0,0,0,0,0,0,0
data,212579,34,2,15000,-347,3954,396920,9501,raw_ad5933_range4_pga1,0,0,0,0,0,0,0,0,0,0,0
data,212713,34,3,20000,-648,3927,398010,9937,raw_ad5933_range4_pga1,0,0,0,0,0,0,0,0,0,0,0
data,212848,34,4,25000,-907,3876,398071,10317,raw_ad5933_range4_pga1,0,0,0,0,0,0,0,0,0,0,0
data,212983,34,5,30000,-1149,3812,398140,10677,raw_ad5933_range4_pga1,0,0,0,0,0,0,0,0,0,0,0
data,213120,34,6,35000,-1380,3737,398366,11026,raw_ad5933_range4_pga1,0,0,0,0,0,0,0,0,0,0,0
data,213257,34,7,40000,-1594,3649,398196,11359,raw_ad5933_range4_pga1,0,0,0,0,0,0,0,0,0,0,0
data,213393,34,8,45000,-1805,3544,397718,11699,raw_ad5933_range4_pga1,0,0,0,0,0,0,0,0,0,0,0
data,213530,34,9,50000,-2006,3433,397612,12029,raw_ad5933_range4_pga1,0,0,0,0,0,0,0,0,0,0,0
data,213667,34,10,55000,-2198,3312,397499,12357,raw_ad5933_range4_pga1,0,0,0,0,0,0,0,0,0,0,0
data,213804,34,11,60000,-2374,3175,396440,12678,raw_ad5933_range4_pga1,0,0,0,0,0,0,0,0,0,0,0
data,213942,34,12,65000,-2551,3031,396164,13008,raw_ad5933_range4_pga1,0,0,0,0,0,0,0,0,0,0,0
data,214080,34,13,70000,-2713,2883,395880,13325,raw_ad5933_range4_pga1,0,0,0,0,0,0,0,0,0,0,0
data,214218,34,14,75000,-2868,2720,395270,13651,raw_ad5933_range4_pga1,0,0,0,0,0,0,0,0,0,0,0
data,214356,34,15,80000,-3013,2559,395306,13965,raw_ad5933_range4_pga1,0,0,0,0,0,0,0,0,0,0,0
data,214494,34,16,85000,-3145,2377,394223,14291,raw_ad5933_range4_pga1,0,0,0,0,0,0,0,0,0,0,0
data,214631,34,17,90000,-3270,2195,393839,14612,raw_ad5933_range4_pga1,0,0,0,0,0,0,0,0,0,0,0
data,214769,34,18,95000,-3381,2005,393080,14933,raw_ad5933_range4_pga1,0,0,0,0,0,0,0,0,0,0,0
data,214907,34,19,100000,-3479,1808,392075,15253,raw_ad5933_range4_pga1,0,0,0,0,0,0,0,0,0,0,0
status,215024,34,0,0,0,0,0,0,sweep_end,0,0,0,0,0,0,0,0,0,0,0
status,218100,0,0,0,0,0,0,0,i2c_pc8_pc9_scan_start
status,218263,0,0,0,0,0,0,0,i2c_pc8_pc9_found_0x68
status,218338,0,0,0,0,0,0,0,i2c_pc8_pc9_scan_end_count_1
imu,218422,0,0,0,0,0,0,0,imu_not_ready,0x68,0x68,0,0,0,0,0,0,0,0x00,0
status,218503,35,0,0,0,0,0,0,sweep_start_5k_to_100k,0,0,0,0,0,0,0,0,0,0,0
data,218674,35,0,5000,665,3803,386070,8008,raw_ad5933_range4_pga1,0,0,0,0,0,0,0,0,0,0,0
data,218806,35,1,10000,29,3952,395211,8957,raw_ad5933_range4_pga1,0,0,0,0,0,0,0,0,0,0,0
data,218938,35,2,15000,-346,3952,396712,9500,raw_ad5933_range4_pga1,0,0,0,0,0,0,0,0,0,0,0
data,219072,35,3,20000,-644,3926,397847,9931,raw_ad5933_range4_pga1,0,0,0,0,0,0,0,0,0,0,0
data,219207,35,4,25000,-908,3885,398970,10315,raw_ad5933_range4_pga1,0,0,0,0,0,0,0,0,0,0,0
data,219342,35,5,30000,-1144,3807,397517,10672,raw_ad5933_range4_pga1,0,0,0,0,0,0,0,0,0,0,0
data,219479,35,6,35000,-1376,3733,397853,11023,raw_ad5933_range4_pga1,0,0,0,0,0,0,0,0,0,0,0
data,219616,35,7,40000,-1593,3646,397881,11360,raw_ad5933_range4_pga1,0,0,0,0,0,0,0,0,0,0,0
data,219752,35,8,45000,-1820,3549,398846,11714,raw_ad5933_range4_pga1,0,0,0,0,0,0,0,0,0,0,0
data,219889,35,9,50000,-2009,3436,398022,12031,raw_ad5933_range4_pga1,0,0,0,0,0,0,0,0,0,0,0
data,220026,35,10,55000,-2195,3309,397083,12355,raw_ad5933_range4_pga1,0,0,0,0,0,0,0,0,0,0,0
data,220163,35,11,60000,-2377,3179,396940,12678,raw_ad5933_range4_pga1,0,0,0,0,0,0,0,0,0,0,0
data,220301,35,12,65000,-2557,3034,396780,13012,raw_ad5933_range4_pga1,0,0,0,0,0,0,0,0,0,0,0
data,220439,35,13,70000,-2712,2878,395447,13329,raw_ad5933_range4_pga1,0,0,0,0,0,0,0,0,0,0,0
data,220577,35,14,75000,-2871,2717,395281,13657,raw_ad5933_range4_pga1,0,0,0,0,0,0,0,0,0,0,0
data,220715,35,15,80000,-3012,2549,394583,13975,raw_ad5933_range4_pga1,0,0,0,0,0,0,0,0,0,0,0
data,220852,35,16,85000,-3146,2374,394122,14296,raw_ad5933_range4_pga1,0,0,0,0,0,0,0,0,0,0,0
data,220990,35,17,90000,-3267,2191,393367,14615,raw_ad5933_range4_pga1,0,0,0,0,0,0,0,0,0,0,0
data,221128,35,18,95000,-3380,1998,392637,14941,raw_ad5933_range4_pga1,0,0,0,0,0,0,0,0,0,0,0
data,221266,35,19,100000,-3482,1809,392388,15254,raw_ad5933_range4_pga1,0,0,0,0,0,0,0,0,0,0,0
status,221383,35,0,0,0,0,0,0,sweep_end,0,0,0,0,0,0,0,0,0,0,0
status,224459,0,0,0,0,0,0,0,i2c_pc8_pc9_scan_start
status,224622,0,0,0,0,0,0,0,i2c_pc8_pc9_found_0x68
status,224697,0,0,0,0,0,0,0,i2c_pc8_pc9_scan_end_count_1
imu,224781,0,0,0,0,0,0,0,imu_not_ready,0x68,0x68,0,0,0,0,0,0,0,0x00,0
status,224862,36,0,0,0,0,0,0,sweep_start_5k_to_100k,0,0,0,0,0,0,0,0,0,0,0
data,225032,36,0,5000,676,3797,385671,7990,raw_ad5933_range4_pga1,0,0,0,0,0,0,0,0,0,0,0
data,225164,36,1,10000,15,3953,395303,8978,raw_ad5933_range4_pga1,0,0,0,0,0,0,0,0,0,0,0
data,225296,36,2,15000,-347,3953,396820,9501,raw_ad5933_range4_pga1,0,0,0,0,0,0,0,0,0,0,0
data,225430,36,3,20000,-638,3933,398441,9921,raw_ad5933_range4_pga1,0,0,0,0,0,0,0,0,0,0,0
data,225565,36,4,25000,-902,3869,397275,10312,raw_ad5933_range4_pga1,0,0,0,0,0,0,0,0,0,0,0
data,225700,36,5,30000,-1148,3812,398111,10675,raw_ad5933_range4_pga1,0,0,0,0,0,0,0,0,0,0,0
data,225837,36,6,35000,-1378,3733,397922,11026,raw_ad5933_range4_pga1,0,0,0,0,0,0,0,0,0,0,0
data,225974,36,7,40000,-1596,3640,397452,11367,raw_ad5933_range4_pga1,0,0,0,0,0,0,0,0,0,0,0
data,226110,36,8,45000,-1805,3547,397985,11697,raw_ad5933_range4_pga1,0,0,0,0,0,0,0,0,0,0,0
data,226247,36,9,50000,-2003,3429,397115,12029,raw_ad5933_range4_pga1,0,0,0,0,0,0,0,0,0,0,0
data,226384,36,10,55000,-2187,3309,396642,12346,raw_ad5933_range4_pga1,0,0,0,0,0,0,0,0,0,0,0
data,226521,36,11,60000,-2384,3177,397200,12688,raw_ad5933_range4_pga1,0,0,0,0,0,0,0,0,0,0,0
data,226659,36,12,65000,-2546,3035,396148,12999,raw_ad5933_range4_pga1,0,0,0,0,0,0,0,0,0,0,0
data,226797,36,13,70000,-2713,2884,395952,13325,raw_ad5933_range4_pga1,0,0,0,0,0,0,0,0,0,0,0
data,226935,36,14,75000,-2869,2719,395274,13653,raw_ad5933_range4_pga1,0,0,0,0,0,0,0,0,0,0,0
data,227073,36,15,80000,-3011,2560,395218,13962,raw_ad5933_range4_pga1,0,0,0,0,0,0,0,0,0,0,0
data,227211,36,16,85000,-3136,2383,393868,14276,raw_ad5933_range4_pga1,0,0,0,0,0,0,0,0,0,0,0
data,227348,36,17,90000,-3264,2197,393453,14605,raw_ad5933_range4_pga1,0,0,0,0,0,0,0,0,0,0,0
data,227486,36,18,95000,-3381,2003,392978,14935,raw_ad5933_range4_pga1,0,0,0,0,0,0,0,0,0,0,0
data,227624,36,19,100000,-3480,1809,392210,15253,raw_ad5933_range4_pga1,0,0,0,0,0,0,0,0,0,0,0
status,227741,36,0,0,0,0,0,0,sweep_end,0,0,0,0,0,0,0,0,0,0,0
status,230817,0,0,0,0,0,0,0,i2c_pc8_pc9_scan_start
status,230980,0,0,0,0,0,0,0,i2c_pc8_pc9_found_0x68
status,231055,0,0,0,0,0,0,0,i2c_pc8_pc9_scan_end_count_1
imu,231139,0,0,0,0,0,0,0,imu_not_ready,0x68,0x68,0,0,0,0,0,0,0,0x00,0
status,231220,37,0,0,0,0,0,0,sweep_start_5k_to_100k,0,0,0,0,0,0,0,0,0,0,0
data,231391,37,0,5000,677,3797,385688,7989,raw_ad5933_range4_pga1,0,0,0,0,0,0,0,0,0,0,0
data,231523,37,1,10000,31,3951,395112,8955,raw_ad5933_range4_pga1,0,0,0,0,0,0,0,0,0,0,0
data,231655,37,2,15000,-345,3955,397002,9498,raw_ad5933_range4_pga1,0,0,0,0,0,0,0,0,0,0,0
data,231789,37,3,20000,-646,3934,398669,9932,raw_ad5933_range4_pga1,0,0,0,0,0,0,0,0,0,0,0
data,231924,37,4,25000,-906,3875,397951,10315,raw_ad5933_range4_pga1,0,0,0,0,0,0,0,0,0,0,0
data,232059,37,5,30000,-1154,3818,398859,10681,raw_ad5933_range4_pga1,0,0,0,0,0,0,0,0,0,0,0
data,232196,37,6,35000,-1378,3734,398016,11025,raw_ad5933_range4_pga1,0,0,0,0,0,0,0,0,0,0,0
data,232333,37,7,40000,-1591,3649,398076,11355,raw_ad5933_range4_pga1,0,0,0,0,0,0,0,0,0,0,0
data,232469,37,8,45000,-1808,3544,397854,11702,raw_ad5933_range4_pga1,0,0,0,0,0,0,0,0,0,0,0
data,232606,37,9,50000,-2005,3427,397044,12033,raw_ad5933_range4_pga1,0,0,0,0,0,0,0,0,0,0,0
data,232743,37,10,55000,-2200,3308,397277,12362,raw_ad5933_range4_pga1,0,0,0,0,0,0,0,0,0,0,0
data,232880,37,11,60000,-2375,3176,396580,12678,raw_ad5933_range4_pga1,0,0,0,0,0,0,0,0,0,0,0
data,233018,37,12,65000,-2552,3033,396381,13007,raw_ad5933_range4_pga1,0,0,0,0,0,0,0,0,0,0,0
data,233156,37,13,70000,-2720,2878,395996,13338,raw_ad5933_range4_pga1,0,0,0,0,0,0,0,0,0,0,0
data,233294,37,14,75000,-2874,2712,395156,13666,raw_ad5933_range4_pga1,0,0,0,0,0,0,0,0,0,0,0
data,233432,37,15,80000,-3011,2549,394506,13975,raw_ad5933_range4_pga1,0,0,0,0,0,0,0,0,0,0,0
data,233569,37,16,85000,-3146,2375,394182,14294,raw_ad5933_range4_pga1,0,0,0,0,0,0,0,0,0,0,0
data,233707,37,17,90000,-3265,2195,393424,14608,raw_ad5933_range4_pga1,0,0,0,0,0,0,0,0,0,0,0
data,233845,37,18,95000,-3390,1995,393346,14952,raw_ad5933_range4_pga1,0,0,0,0,0,0,0,0,0,0,0
data,233983,37,19,100000,-3473,1804,391358,15255,raw_ad5933_range4_pga1,0,0,0,0,0,0,0,0,0,0,0
status,234100,37,0,0,0,0,0,0,sweep_end,0,0,0,0,0,0,0,0,0,0,0
status,237176,0,0,0,0,0,0,0,i2c_pc8_pc9_scan_start
status,237339,0,0,0,0,0,0,0,i2c_pc8_pc9_found_0x68
status,237414,0,0,0,0,0,0,0,i2c_pc8_pc9_scan_end_count_1
imu,237498,0,0,0,0,0,0,0,imu_not_ready,0x68,0x6F,0,0,0,0,0,0,0,0x00,0
status,237579,38,0,0,0,0,0,0,sweep_start_5k_to_100k,0,0,0,0,0,0,0,0,0,0,0
data,237750,38,0,5000,676,3795,385474,7989,raw_ad5933_range4_pga1,0,0,0,0,0,0,0,0,0,0,0
data,237882,38,1,10000,29,3958,395811,8958,raw_ad5933_range4_pga1,0,0,0,0,0,0,0,0,0,0,0
data,238014,38,2,15000,-348,3954,396928,9502,raw_ad5933_range4_pga1,0,0,0,0,0,0,0,0,0,0,0
data,238148,38,3,20000,-647,3925,397797,9936,raw_ad5933_range4_pga1,0,0,0,0,0,0,0,0,0,0,0
data,238283,38,4,25000,-908,3875,397996,10318,raw_ad5933_range4_pga1,0,0,0,0,0,0,0,0,0,0,0
data,238418,38,5,30000,-1147,3813,398178,10674,raw_ad5933_range4_pga1,0,0,0,0,0,0,0,0,0,0,0
data,238555,38,6,35000,-1376,3733,397853,11023,raw_ad5933_range4_pga1,0,0,0,0,0,0,0,0,0,0,0
data,238692,38,7,40000,-1583,3657,398491,11340,raw_ad5933_range4_pga1,0,0,0,0,0,0,0,0,0,0,0
data,238828,38,8,45000,-1806,3543,397674,11700,raw_ad5933_range4_pga1,0,0,0,0,0,0,0,0,0,0,0
data,238965,38,9,50000,-2004,3435,397684,12025,raw_ad5933_range4_pga1,0,0,0,0,0,0,0,0,0,0,0
data,239102,38,10,55000,-2199,3303,396805,12365,raw_ad5933_range4_pga1,0,0,0,0,0,0,0,0,0,0,0
data,239239,38,11,60000,-2386,3163,396202,12702,raw_ad5933_range4_pga1,0,0,0,0,0,0,0,0,0,0,0
data,239377,38,12,65000,-2551,3035,396470,13004,raw_ad5933_range4_pga1,0,0,0,0,0,0,0,0,0,0,0
data,239515,38,13,70000,-2716,2878,395721,13334,raw_ad5933_range4_pga1,0,0,0,0,0,0,0,0,0,0,0
data,239653,38,14,75000,-2866,2718,394987,13651,raw_ad5933_range4_pga1,0,0,0,0,0,0,0,0,0,0,0
data,239791,38,15,80000,-3012,2554,394906,13970,raw_ad5933_range4_pga1,0,0,0,0,0,0,0,0,0,0,0
data,239929,38,16,85000,-3135,2363,392581,14299,raw_ad5933_range4_pga1,0,0,0,0,0,0,0,0,0,0,0
data,240066,38,17,90000,-3266,2193,393396,14612,raw_ad5933_range4_pga1,0,0,0,0,0,0,0,0,0,0,0
data,240204,38,18,95000,-3375,2003,392462,14931,raw_ad5933_range4_pga1,0,0,0,0,0,0,0,0,0,0,0
data,240342,38,19,100000,-3480,1811,392302,15250,raw_ad5933_range4_pga1,0,0,0,0,0,0,0,0,0,0,0
status,240459,38,0,0,0,0,0,0,sweep_end,0,0,0,0,0,0,0,0,0,0,0
status,243535,0,0,0,0,0,0,0,i2c_pc8_pc9_scan_start
status,243698,0,0,0,0,0,0,0,i2c_pc8_pc9_found_0x68
status,243773,0,0,0,0,0,0,0,i2c_pc8_pc9_scan_end_count_1
imu,243857,0,0,0,0,0,0,0,imu_not_ready,0x68,0x68,0,0,0,0,0,0,0,0x00,0
status,243938,39,0,0,0,0,0,0,sweep_start_5k_to_100k,0,0,0,0,0,0,0,0,0,0,0
data,244109,39,0,5000,678,3801,386100,7988,raw_ad5933_range4_pga1,0,0,0,0,0,0,0,0,0,0,0
data,244241,39,1,10000,31,3951,395112,8955,raw_ad5933_range4_pga1,0,0,0,0,0,0,0,0,0,0,0
data,244373,39,2,15000,-342,3961,397574,9493,raw_ad5933_range4_pga1,0,0,0,0,0,0,0,0,0,0,0
data,244507,39,3,20000,-646,3929,398175,9933,raw_ad5933_range4_pga1,0,0,0,0,0,0,0,0,0,0,0
data,244642,39,4,25000,-907,3879,398363,10316,raw_ad5933_range4_pga1,0,0,0,0,0,0,0,0,0,0,0
data,244777,39,5,30000,-1149,3815,398427,10676,raw_ad5933_range4_pga1,0,0,0,0,0,0,0,0,0,0,0
data,244914,39,6,35000,-1381,3732,397932,11030,raw_ad5933_range4_pga1,0,0,0,0,0,0,0,0,0,0,0
data,245051,39,7,40000,-1593,3650,398248,11357,raw_ad5933_range4_pga1,0,0,0,0,0,0,0,0,0,0,0
data,245187,39,8,45000,-1804,3551,398297,11693,raw_ad5933_range4_pga1,0,0,0,0,0,0,0,0,0,0,0
data,245324,39,9,50000,-2002,3429,397065,12027,raw_ad5933_range4_pga1,0,0,0,0,0,0,0,0,0,0,0
data,245461,39,10,55000,-2198,3309,397249,12359,raw_ad5933_range4_pga1,0,0,0,0,0,0,0,0,0,0,0
data,245598,39,11,60000,-2375,3173,396340,12681,raw_ad5933_range4_pga1,0,0,0,0,0,0,0,0,0,0,0
data,245736,39,12,65000,-2550,3030,396023,13008,raw_ad5933_range4_pga1,0,0,0,0,0,0,0,0,0,0,0
data,245874,39,13,70000,-2713,2878,395516,13330,raw_ad5933_range4_pga1,0,0,0,0,0,0,0,0,0,0,0
data,246012,39,14,75000,-2872,2733,396455,13642,raw_ad5933_range4_pga1,0,0,0,0,0,0,0,0,0,0,0
data,246150,39,15,80000,-3012,2551,394712,13973,raw_ad5933_range4_pga1,0,0,0,0,0,0,0,0,0,0,0
data,246287,39,16,85000,-3142,2373,393742,14293,raw_ad5933_range4_pga1,0,0,0,0,0,0,0,0,0,0,0
data,246425,39,17,90000,-3269,2188,393366,14620,raw_ad5933_range4_pga1,0,0,0,0,0,0,0,0,0,0,0
data,246563,39,18,95000,-3374,2010,392734,14921,raw_ad5933_range4_pga1,0,0,0,0,0,0,0,0,0,0,0
data,246701,39,19,100000,-3483,1804,392246,15261,raw_ad5933_range4_pga1,0,0,0,0,0,0,0,0,0,0,0
status,246818,39,0,0,0,0,0,0,sweep_end,0,0,0,0,0,0,0,0,0,0,0
status,249894,0,0,0,0,0,0,0,i2c_pc8_pc9_scan_start
status,250057,0,0,0,0,0,0,0,i2c_pc8_pc9_found_0x68
status,250132,0,0,0,0,0,0,0,i2c_pc8_pc9_scan_end_count_1
imu,250216,0,0,0,0,0,0,0,imu_not_ready,0x68,0x68,0,0,0,0,0,0,0,0x00,0
status,250297,40,0,0,0,0,0,0,sweep_start_5k_to_100k,0,0,0,0,0,0,0,0,0,0,0
data,250467,40,0,5000,676,3794,385375,7989,raw_ad5933_range4_pga1,0,0,0,0,0,0,0,0,0,0,0
data,250599,40,1,10000,25,3942,394208,8963,raw_ad5933_range4_pga1,0,0,0,0,0,0,0,0,0,0,0
data,250731,40,2,15000,-348,3952,396729,9503,raw_ad5933_range4_pga1,0,0,0,0,0,0,0,0,0,0,0
data,250865,40,3,20000,-646,3931,398373,9933,raw_ad5933_range4_pga1,0,0,0,0,0,0,0,0,0,0,0
data,251000,40,4,25000,-919,3870,397762,10335,raw_ad5933_range4_pga1,0,0,0,0,0,0,0,0,0,0,0
data,251135,40,5,30000,-1146,3812,398054,10673,raw_ad5933_range4_pga1,0,0,0,0,0,0,0,0,0,0,0
data,251272,40,6,35000,-1375,3736,398100,11020,raw_ad5933_range4_pga1,0,0,0,0,0,0,0,0,0,0,0
data,251409,40,7,40000,-1596,3651,398460,11361,raw_ad5933_range4_pga1,0,0,0,0,0,0,0,0,0,0,0
data,251545,40,8,45000,-1805,3538,397183,11702,raw_ad5933_range4_pga1,0,0,0,0,0,0,0,0,0,0,0
data,251682,40,9,50000,-2005,3429,397216,12031,raw_ad5933_range4_pga1,0,0,0,0,0,0,0,0,0,0,0
data,251819,40,10,55000,-2194,3310,397111,12353,raw_ad5933_range4_pga1,0,0,0,0,0,0,0,0,0,0,0
data,251956,40,11,60000,-2392,3191,398800,12685,raw_ad5933_range4_pga1,0,0,0,0,0,0,0,0,0,0,0
data,252094,40,12,65000,-2555,3033,396574,13011,raw_ad5933_range4_pga1,0,0,0,0,0,0,0,0,0,0,0
data,252232,40,13,70000,-2712,2883,395811,13324,raw_ad5933_range4_pga1,0,0,0,0,0,0,0,0,0,0,0
data,252370,40,14,75000,-2871,2718,395350,13656,raw_ad5933_range4_pga1,0,0,0,0,0,0,0,0,0,0,0
data,252508,40,15,80000,-3013,2551,394788,13974,raw_ad5933_range4_pga1,0,0,0,0,0,0,0,0,0,0,0
data,252646,40,16,85000,-3149,2373,394301,14299,raw_ad5933_range4_pga1,0,0,0,0,0,0,0,0,0,0,0
data,252783,40,17,90000,-3259,2200,393206,14597,raw_ad5933_range4_pga1,0,0,0,0,0,0,0,0,0,0,0
data,252921,40,18,95000,-3383,2007,393354,14932,raw_ad5933_range4_pga1,0,0,0,0,0,0,0,0,0,0,0
data,253059,40,19,100000,-3483,1809,392476,15255,raw_ad5933_range4_pga1,0,0,0,0,0,0,0,0,0,0,0
status,253176,40,0,0,0,0,0,0,sweep_end,0,0,0,0,0,0,0,0,0,0,0
status,256252,0,0,0,0,0,0,0,i2c_pc8_pc9_scan_start
status,256415,0,0,0,0,0,0,0,i2c_pc8_pc9_found_0x68
status,256490,0,0,0,0,0,0,0,i2c_pc8_pc9_scan_end_count_1
imu,256574,0,0,0,0,0,0,0,imu_not_ready,0x68,0x68,0,0,0,0,0,0,0,0x00,0
status,256655,41,0,0,0,0,0,0,sweep_start_5k_to_100k,0,0,0,0,0,0,0,0,0,0,0
data,256826,41,0,5000,681,3796,385660,7982,raw_ad5933_range4_pga1,0,0,0,0,0,0,0,0,0,0,0
data,256958,41,1,10000,28,3947,394710,8959,raw_ad5933_range4_pga1,0,0,0,0,0,0,0,0,0,0,0
data,257090,41,2,15000,-351,3956,397154,9507,raw_ad5933_range4_pga1,0,0,0,0,0,0,0,0,0,0,0
data,257224,41,3,20000,-652,3934,398766,9941,raw_ad5933_range4_pga1,0,0,0,0,0,0,0,0,0,0,0
data,257359,41,4,25000,-907,3877,398168,10316,raw_ad5933_range4_pga1,0,0,0,0,0,0,0,0,0,0,0
data,257494,41,5,30000,-1149,3809,397853,10678,raw_ad5933_range4_pga1,0,0,0,0,0,0,0,0,0,0,0
data,257631,41,6,35000,-1375,3744,398850,11016,raw_ad5933_range4_pga1,0,0,0,0,0,0,0,0,0,0,0
data,257768,41,7,40000,-1595,3649,398236,11361,raw_ad5933_range4_pga1,0,0,0,0,0,0,0,0,0,0,0
data,257904,41,8,45000,-1806,3543,397674,11700,raw_ad5933_range4_pga1,0,0,0,0,0,0,0,0,0,0,0
data,258041,41,9,50000,-2006,3435,397785,12028,raw_ad5933_range4_pga1,0,0,0,0,0,0,0,0,0,0,0
data,258178,41,10,55000,-2195,3304,396667,12359,raw_ad5933_range4_pga1,0,0,0,0,0,0,0,0,0,0,0
data,258315,41,11,60000,-2377,3171,396300,12685,raw_ad5933_range4_pga1,0,0,0,0,0,0,0,0,0,0,0
data,258453,41,12,65000,-2553,3035,396598,13007,raw_ad5933_range4_pga1,0,0,0,0,0,0,0,0,0,0,0
data,258591,41,13,70000,-2716,2880,395867,13332,raw_ad5933_range4_pga1,0,0,0,0,0,0,0,0,0,0,0
data,258729,41,14,75000,-2871,2717,395281,13657,raw_ad5933_range4_pga1,0,0,0,0,0,0,0,0,0,0,0
data,258867,41,15,80000,-3018,2547,394912,13983,raw_ad5933_range4_pga1,0,0,0,0,0,0,0,0,0,0,0
data,259004,41,16,85000,-3146,2375,394182,14294,raw_ad5933_range4_pga1,0,0,0,0,0,0,0,0,0,0,0
data,259142,41,17,90000,-3272,2189,393671,14621,raw_ad5933_range4_pga1,0,0,0,0,0,0,0,0,0,0,0
data,259280,41,18,95000,-3380,2004,392943,14933,raw_ad5933_range4_pga1,0,0,0,0,0,0,0,0,0,0,0
data,259418,41,19,100000,-3477,1811,392036,15248,raw_ad5933_range4_pga1,0,0,0,0,0,0,0,0,0,0,0
status,259535,41,0,0,0,0,0,0,sweep_end,0,0,0,0,0,0,0,0,0,0,0
status,262611,0,0,0,0,0,0,0,i2c_pc8_pc9_scan_start
status,262774,0,0,0,0,0,0,0,i2c_pc8_pc9_found_0x68
status,262849,0,0,0,0,0,0,0,i2c_pc8_pc9_scan_end_count_1
imu,262933,0,0,0,0,0,0,0,imu_not_ready,0x68,0x68,0,0,0,0,0,0,0,0x00,0
status,263014,42,0,0,0,0,0,0,sweep_start_5k_to_100k,0,0,0,0,0,0,0,0,0,0,0
data,263185,42,0,5000,675,3789,384866,7989,raw_ad5933_range4_pga1,0,0,0,0,0,0,0,0,0,0,0
data,263317,42,1,10000,27,3949,394909,8960,raw_ad5933_range4_pga1,0,0,0,0,0,0,0,0,0,0,0
data,263449,42,2,15000,-345,3965,397998,9497,raw_ad5933_range4_pga1,0,0,0,0,0,0,0,0,0,0,0
data,263583,42,3,20000,-640,3927,397881,9925,raw_ad5933_range4_pga1,0,0,0,0,0,0,0,0,0,0,0
data,263718,42,4,25000,-908,3878,398288,10317,raw_ad5933_range4_pga1,0,0,0,0,0,0,0,0,0,0,0
data,263853,42,5,30000,-1140,3810,397690,10665,raw_ad5933_range4_pga1,0,0,0,0,0,0,0,0,0,0,0
data,263990,42,6,35000,-1376,3731,397665,11024,raw_ad5933_range4_pga1,0,0,0,0,0,0,0,0,0,0,0
data,264127,42,7,40000,-1594,3647,398013,11360,raw_ad5933_range4_pga1,0,0,0,0,0,0,0,0,0,0,0
data,264263,42,8,45000,-1804,3555,398653,11690,raw_ad5933_range4_pga1,0,0,0,0,0,0,0,0,0,0,0
data,264400,42,9,50000,-2009,3426,397159,12038,raw_ad5933_range4_pga1,0,0,0,0,0,0,0,0,0,0,0
data,264537,42,10,55000,-2197,3311,397360,12356,raw_ad5933_range4_pga1,0,0,0,0,0,0,0,0,0,0,0
data,264674,42,11,60000,-2375,3175,396500,12679,raw_ad5933_range4_pga1,0,0,0,0,0,0,0,0,0,0,0
data,264812,42,12,65000,-2551,3028,395934,13011,raw_ad5933_range4_pga1,0,0,0,0,0,0,0,0,0,0,0
data,264950,42,13,70000,-2709,2883,395606,13321,raw_ad5933_range4_pga1,0,0,0,0,0,0,0,0,0,0,0
data,265088,42,14,75000,-2869,2727,395824,13645,raw_ad5933_range4_pga1,0,0,0,0,0,0,0,0,0,0,0
data,265226,42,15,80000,-3006,2550,394190,13969,raw_ad5933_range4_pga1,0,0,0,0,0,0,0,0,0,0,0
data,265364,42,16,85000,-3150,2383,394983,14289,raw_ad5933_range4_pga1,0,0,0,0,0,0,0,0,0,0,0
data,265501,42,17,90000,-3270,2193,393728,14615,raw_ad5933_range4_pga1,0,0,0,0,0,0,0,0,0,0,0
data,265639,42,18,95000,-3378,1994,392262,14944,raw_ad5933_range4_pga1,0,0,0,0,0,0,0,0,0,0,0
data,265777,42,19,100000,-3461,1807,390433,15243,raw_ad5933_range4_pga1,0,0,0,0,0,0,0,0,0,0,0
status,265894,42,0,0,0,0,0,0,sweep_end,0,0,0,0,0,0,0,0,0,0,0
status,268970,0,0,0,0,0,0,0,i2c_pc8_pc9_scan_start
status,269133,0,0,0,0,0,0,0,i2c_pc8_pc9_found_0x68
status,269208,0,0,0,0,0,0,0,i2c_pc8_pc9_scan_end_count_1
imu,269280,0,0,0,0,0,0,0,imu_not_ready,0x68,0xFF,0,0,0,0,0,0,0,0x00,0
status,269361,43,0,0,0,0,0,0,sweep_start_5k_to_100k,0,0,0,0,0,0,0,0,0,0,0
data,269532,43,0,5000,678,3791,385115,7986,raw_ad5933_range4_pga1,0,0,0,0,0,0,0,0,0,0,0
data,269664,43,1,10000,30,3950,395011,8956,raw_ad5933_range4_pga1,0,0,0,0,0,0,0,0,0,0,0
data,269796,43,2,15000,-334,3966,398004,9481,raw_ad5933_range4_pga1,0,0,0,0,0,0,0,0,0,0,0
data,269930,43,3,20000,-647,3931,398389,9934,raw_ad5933_range4_pga1,0,0,0,0,0,0,0,0,0,0,0
data,270065,43,4,25000,-906,3874,397853,10316,raw_ad5933_range4_pga1,0,0,0,0,0,0,0,0,0,0,0
data,270200,43,5,30000,-1152,3819,398897,10678,raw_ad5933_range4_pga1,0,0,0,0,0,0,0,0,0,0,0
data,270337,43,6,35000,-1378,3740,398579,11022,raw_ad5933_range4_pga1,0,0,0,0,0,0,0,0,0,0,0
data,270474,43,7,40000,-1596,3647,398093,11363,raw_ad5933_range4_pga1,0,0,0,0,0,0,0,0,0,0,0
data,270610,43,8,45000,-1803,3544,397627,11696,raw_ad5933_range4_pga1,0,0,0,0,0,0,0,0,0,0,0
data,270747,43,9,50000,-2006,3421,396576,12038,raw_ad5933_range4_pga1,0,0,0,0,0,0,0,0,0,0,0
data,270884,43,10,55000,-2197,3310,397277,12357,raw_ad5933_range4_pga1,0,0,0,0,0,0,0,0,0,0,0
data,271021,43,11,60000,-2377,3177,396780,12680,raw_ad5933_range4_pga1,0,0,0,0,0,0,0,0,0,0,0
data,271159,43,12,65000,-2553,3034,396522,13007,raw_ad5933_range4_pga1,0,0,0,0,0,0,0,0,0,0,0
data,271297,43,13,70000,-2713,2880,395661,13328,raw_ad5933_range4_pga1,0,0,0,0,0,0,0,0,0,0,0
data,271435,43,14,75000,-2871,2715,395144,13659,raw_ad5933_range4_pga1,0,0,0,0,0,0,0,0,0,0,0
data,271573,43,15,80000,-3015,2553,395070,13974,raw_ad5933_range4_pga1,0,0,0,0,0,0,0,0,0,0,0
data,271711,43,16,85000,-3140,2375,393703,14289,raw_ad5933_range4_pga1,0,0,0,0,0,0,0,0,0,0,0
data,271848,43,17,90000,-3268,2190,393395,14617,raw_ad5933_range4_pga1,0,0,0,0,0,0,0,0,0,0,0
data,271986,43,18,95000,-3378,2003,392720,14933,raw_ad5933_range4_pga1,0,0,0,0,0,0,0,0,0,0,0
data,272124,43,19,100000,-3463,1806,390564,15245,raw_ad5933_range4_pga1,0,0,0,0,0,0,0,0,0,0,0
status,272241,43,0,0,0,0,0,0,sweep_end,0,0,0,0,0,0,0,0,0,0,0
status,275317,0,0,0,0,0,0,0,i2c_pc8_pc9_scan_start
status,275480,0,0,0,0,0,0,0,i2c_pc8_pc9_found_0x68
status,275555,0,0,0,0,0,0,0,i2c_pc8_pc9_scan_end_count_1
imu,275627,0,0,0,0,0,0,0,imu_not_ready,0x68,0xFF,0,0,0,0,0,0,0,0x00,0
status,275708,44,0,0,0,0,0,0,sweep_start_5k_to_100k,0,0,0,0,0,0,0,0,0,0,0
data,275879,44,0,5000,675,3797,385653,7991,raw_ad5933_range4_pga1,0,0,0,0,0,0,0,0,0,0,0
data,276011,44,1,10000,29,3950,395011,8957,raw_ad5933_range4_pga1,0,0,0,0,0,0,0,0,0,0,0
data,276143,44,2,15000,-349,3951,396638,9504,raw_ad5933_range4_pga1,0,0,0,0,0,0,0,0,0,0,0
data,276277,44,3,20000,-648,3933,398602,9935,raw_ad5933_range4_pga1,0,0,0,0,0,0,0,0,0,0,0
data,276412,44,4,25000,-906,3875,397951,10315,raw_ad5933_range4_pga1,0,0,0,0,0,0,0,0,0,0,0
data,276547,44,5,30000,-1157,3821,399233,10684,raw_ad5933_range4_pga1,0,0,0,0,0,0,0,0,0,0,0
data,276684,44,6,35000,-1375,3739,398381,11019,raw_ad5933_range4_pga1,0,0,0,0,0,0,0,0,0,0,0
data,276821,44,7,40000,-1593,3644,397698,11361,raw_ad5933_range4_pga1,0,0,0,0,0,0,0,0,0,0,0
data,276957,44,8,45000,-1807,3542,397631,11702,raw_ad5933_range4_pga1,0,0,0,0,0,0,0,0,0,0,0
data,277094,44,9,50000,-2006,3440,398216,12024,raw_ad5933_range4_pga1,0,0,0,0,0,0,0,0,0,0,0
data,277231,44,10,55000,-2181,3301,395643,12345,raw_ad5933_range4_pga1,0,0,0,0,0,0,0,0,0,0,0
data,277368,44,11,60000,-2377,3171,396300,12685,raw_ad5933_range4_pga1,0,0,0,0,0,0,0,0,0,0,0
data,277506,44,12,65000,-2552,3033,396381,13007,raw_ad5933_range4_pga1,0,0,0,0,0,0,0,0,0,0,0
data,277644,44,13,70000,-2717,2883,396154,13330,raw_ad5933_range4_pga1,0,0,0,0,0,0,0,0,0,0,0
data,277782,44,14,75000,-2870,2712,394865,13662,raw_ad5933_range4_pga1,0,0,0,0,0,0,0,0,0,0,0
data,277920,44,15,80000,-3010,2553,394689,13969,raw_ad5933_range4_pga1,0,0,0,0,0,0,0,0,0,0,0
data,278057,44,16,85000,-3145,2375,394102,14294,raw_ad5933_range4_pga1,0,0,0,0,0,0,0,0,0,0,0
data,278195,44,17,90000,-3272,2188,393616,14622,raw_ad5933_range4_pga1,0,0,0,0,0,0,0,0,0,0,0
data,278333,44,18,95000,-3382,1997,392759,14943,raw_ad5933_range4_pga1,0,0,0,0,0,0,0,0,0,0,0
data,278471,44,19,100000,-3479,1811,392214,15250,raw_ad5933_range4_pga1,0,0,0,0,0,0,0,0,0,0,0
# automatic_capture_complete,complete_sweeps=30,finished=2026-08-26 12:59:10
