# automatic_capture,target_complete_sweeps=30,port=COM5,baud=115200,started=2026-08-25 17:37:09
,65000,-2526,2932,387005,13074,raw_ad5933_range4_pga1,0,0,0,0,0,0,0,0,0,0,0
data,773016,122,13,70000,-2682,2778,386140,13399,raw_ad5933_range4_pga1,0,0,0,0,0,0,0,0,0,0,0
data,773155,122,14,75000,-2826,2621,385434,13715,raw_ad5933_range4_pga1,0,0,0,0,0,0,0,0,0,0,0
data,773294,122,15,80000,-2965,2453,384817,14039,raw_ad5933_range4_pga1,0,0,0,0,0,0,0,0,0,0,0
data,773433,122,16,85000,-3086,2290,384285,14342,raw_ad5933_range4_pga1,0,0,0,0,0,0,0,0,0,0,0
data,773572,122,17,90000,-3210,2102,383699,14678,raw_ad5933_range4_pga1,0,0,0,0,0,0,0,0,0,0,0
data,773711,122,18,95000status,777045,0,0,0,0,0,0,0,i2c_pc8_pc9_scan_start
status,777208,0,0,0,0,0,0,0,i2c_pc8_pc9_found_0x68
status,777283,0,0,0,0,0,0,0,i2c_pc8_pc9_scan_end_count_1
imu,777367,0,0,0,0,0,0,0,imu_sample,0x68,0x68,-2792,6352,9004,-369,-9,424,-2832,0x00,0
status,777467,123,0,0,0,0,0,0,sweep_start_5k_to_100k,0,0,0,0,0,0,0,0,0,0,0
data,777639,123,0,5000,204,3832,383743,8695,raw_ad5933_range4_pga1,0,0,0,0,0,0,0,0,0,0,0
data,777772,123,1,10000,-221,3873,387930,9326,raw_ad5933_range4_pga1,0,0,0,0,0,0,0,0,0,0,0
data,777907,123,2,15000,-509,3853,388648,9752,raw_ad5933_range4_pga1,0,0,0,0,0,0,0,0,0,0,0
data,778043,123,3,20000,-759,3816,389075,10124,raw_ad5933_range4_pga1,0,0,0,0,0,0,0,0,0,0,0
data,778180,123,4,25000,-985,3755,388204,10469,raw_ad5933_range4_pga1,0,0,0,0,0,0,0,0,0,0,0
data,778316,123,5,30000,-1203,3695,388590,10803,raw_ad5933_range4_pga1,0,0,0,0,0,0,0,0,0,0,0
data,778454,123,6,35000,-1418,3612,388037,11143,raw_ad5933_range4_pga1,0,0,0,0,0,0,0,0,0,0,0
data,778592,123,7,40000,-1617,3537,388909,11456,raw_ad5933_range4_pga1,0,0,0,0,0,0,0,0,0,0,0
data,778730,123,8,45000,-1817,3435,388596,11787,raw_ad5933_range4_pga1,0,0,0,0,0,0,0,0,0,0,0
data,778868,123,9,50000,-2005,3317,387589,12115,raw_ad5933_range4_pga1,0,0,0,0,0,0,0,0,0,0,0
data,779005,123,10,55000,-2186,3198,387373,12435,raw_ad5933_range4_pga1,0,0,0,0,0,0,0,0,0,0,0
data,779144,123,11,60000,-2357,3069,386965,12752,raw_ad5933_range4_pga1,0,0,0,0,0,0,0,0,0,0,0
data,779283,123,12,65000,-2519,2931,386473,13067,raw_ad5933_range4_pga1,0,0,0,0,0,0,0,0,0,0,0
data,779422,123,13,70000,-2680,2775,385785,13400,raw_ad5933_range4_pga1,0,0,0,0,0,0,0,0,0,0,0
data,779561,123,14,75000,-2827,2620,385439,13717,raw_ad5933_range4_pga1,0,0,0,0,0,0,0,0,0,0,0
data,779700,123,15,80000,-2962,2460,385033,14028,raw_ad5933_range4_pga1,0,0,0,0,0,0,0,0,0,0,0
data,779839,123,16,85000,-3092,2285,384470,14353,raw_ad5933_range4_pga1,0,0,0,0,0,0,0,0,0,0,0
data,779978,123,17,90000,-3204,2110,383637,14663,raw_ad5933_range4_pga1,0,0,0,0,0,0,0,0,0,0,0
data,780117,123,18,95000,-3323,1919,383730,14999,raw_ad5933_range4_pga1,0,0,0,0,0,0,0,0,0,0,0
data,780256,123,19,100000,-3408,1734,382377,15303,raw_ad5933_range4_pga1,0,0,0,0,0,0,0,0,0,0,0
status,780374,123,0,0,0,0,0,0,sweep_end,0,0,0,0,0,0,0,0,0,0,0
status,783452,0,0,0,0,0,0,0,i2c_pc8_pc9_scan_start
status,783615,0,0,0,0,0,0,0,i2c_pc8_pc9_found_0x68
status,783690,0,0,0,0,0,0,0,i2c_pc8_pc9_scan_end_count_1
imu,783774,0,0,0,0,0,0,0,imu_sample,0x68,0x68,-2820,6364,8900,-340,-8,420,-2864,0x00,0
status,783874,124,0,0,0,0,0,0,sweep_start_5k_to_100k,0,0,0,0,0,0,0,0,0,0,0
data,784046,124,0,5000,207,3831,383659,8690,raw_ad5933_range4_pga1,0,0,0,0,0,0,0,0,0,0,0
data,784179,124,1,10000,-222,3866,387237,9328,raw_ad5933_range4_pga1,0,0,0,0,0,0,0,0,0,0,0
data,784314,124,2,15000,-510,3851,388462,9754,raw_ad5933_range4_pga1,0,0,0,0,0,0,0,0,0,0,0
data,784450,124,3,20000,-757,3817,389134,10121,raw_ad5933_range4_pga1,0,0,0,0,0,0,0,0,0,0,0
data,784587,124,4,25000,-984,3762,388856,10465,raw_ad5933_range4_pga1,0,0,0,0,0,0,0,0,0,0,0
data,784723,124,5,30000,-1201,3696,388623,10800,raw_ad5933_range4_pga1,0,0,0,0,0,0,0,0,0,0,0
data,784861,124,6,35000,-1412,3620,388563,11130,raw_ad5933_range4_pga1,0,0,0,0,0,0,0,0,0,0,0
data,784999,124,7,40000,-1617,3534,388637,11458,raw_ad5933_range4_pga1,0,0,0,0,0,0,0,0,0,0,0
data,785137,124,8,45000,-1813,3424,387437,11790,raw_ad5933_range4_pga1,0,0,0,0,0,0,0,0,0,0,0
data,785275,124,9,50000,-2003,3321,387828,12109,raw_ad5933_range4_pga1,0,0,0,0,0,0,0,0,0,0,0
data,785412,124,10,55000,-2179,3195,386731,12429,raw_ad5933_range4_pga1,0,0,0,0,0,0,0,0,0,0,0
data,785551,124,11,60000,-2357,3071,387124,12750,raw_ad5933_range4_pga1,0,0,0,0,0,0,0,0,0,0,0
data,785690,124,12,65000,-2523,2929,386582,13074,raw_ad5933_range4_pga1,0,0,0,0,0,0,0,0,0,0,0
data,785829,124,13,70000,-2679,2781,386148,13392,raw_ad5933_range4_pga1,0,0,0,0,0,0,0,0,0,0,0
data,785968,124,14,75000,-2823,2626,385554,13707,raw_ad5933_range4_pga1,0,0,0,0,0,0,0,0,0,0,0
data,786107,124,15,80000,-2960,2459,384815,14028,raw_ad5933_range4_pga1,0,0,0,0,0,0,0,0,0,0,0
data,786246,124,16,85000,-3094,2286,384690,14354,raw_ad5933_range4_pga1,0,0,0,0,0,0,0,0,0,0,0
data,786385,124,17,90000,-3207,2111,383942,14664,raw_ad5933_range4_pga1,0,0,0,0,0,0,0,0,0,0,0
data,786524,124,18,95000,-3314,1919,382951,14992,raw_ad5933_range4_pga1,0,0,0,0,0,0,0,0,0,0,0
data,786663,124,19,100000,-3409,1734,382466,15303,raw_ad5933_range4_pga1,0,0,0,0,0,0,0,0,0,0,0
status,786781,124,0,0,0,0,0,0,sweep_end,0,0,0,0,0,0,0,0,0,0,0
status,789858,0,0,0,0,0,0,0,i2c_pc8_pc9_scan_start
status,790021,0,0,0,0,0,0,0,i2c_pc8_pc9_found_0x68
status,790096,0,0,0,0,0,0,0,i2c_pc8_pc9_scan_end_count_1
imu,790180,0,0,0,0,0,0,0,imu_sample,0x68,0x68,-2708,6376,8940,-366,14,400,-2832,0x00,0
status,790280,125,0,0,0,0,0,0,sweep_start_5k_to_100k,0,0,0,0,0,0,0,0,0,0,0
data,790452,125,0,5000,208,3832,383764,8689,raw_ad5933_range4_pga1,0,0,0,0,0,0,0,0,0,0,0
data,790585,125,1,10000,-216,3865,387103,9319,raw_ad5933_range4_pga1,0,0,0,0,0,0,0,0,0,0,0
data,790721,125,2,15000,-502,3853,388556,9742,raw_ad5933_range4_pga1,0,0,0,0,0,0,0,0,0,0,0
data,790856,125,3,20000,-756,3819,389311,10119,raw_ad5933_range4_pga1,0,0,0,0,0,0,0,0,0,0,0
data,790993,125,4,25000,-987,3754,388158,10473,raw_ad5933_range4_pga1,0,0,0,0,0,0,0,0,0,0,0
data,791129,125,5,30000,-1200,3695,388497,10799,raw_ad5933_range4_pga1,0,0,0,0,0,0,0,0,0,0,0
data,791267,125,6,35000,-1414,3619,388543,11134,raw_ad5933_range4_pga1,0,0,0,0,0,0,0,0,0,0,0
data,791405,125,7,40000,-1614,3531,388239,11456,raw_ad5933_range4_pga1,0,0,0,0,0,0,0,0,0,0,0
data,791543,125,8,45000,-1821,3429,388254,11797,raw_ad5933_range4_pga1,0,0,0,0,0,0,0,0,0,0,0
data,791681,125,9,50000,-2000,3321,387673,12105,raw_ad5933_range4_pga1,0,0,0,0,0,0,0,0,0,0,0
data,791818,125,10,55000,-2184,3199,387343,12432,raw_ad5933_range4_pga1,0,0,0,0,0,0,0,0,0,0,0
data,791957,125,11,60000,-2358,3072,387264,12750,raw_ad5933_range4_pga1,0,0,0,0,0,0,0,0,0,0,0
data,792096,125,12,65000,-2524,2931,386799,13073,raw_ad5933_range4_pga1,0,0,0,0,0,0,0,0,0,0,0
data,792235,125,13,70000,-2687,2779,386559,13403,raw_ad5933_range4_pga1,0,0,0,0,0,0,0,0,0,0,0
data,792374,125,14,75000,-2831,2623,385936,13718,raw_ad5933_range4_pga1,0,0,0,0,0,0,0,0,0,0,0
data,792513,125,15,80000,-2958,2460,384725,14025,raw_ad5933_range4_pga1,0,0,0,0,0,0,0,0,0,0,0
data,792652,125,16,85000,-3090,2285,384309,14351,raw_ad5933_range4_pga1,0,0,0,0,0,0,0,0,0,0,0
data,792791,125,17,90000,-3209,2108,383945,14669,raw_ad5933_range4_pga1,0,0,0,0,0,0,0,0,0,0,0
data,792930,125,18,95000,-3317,1922,383361,14991,raw_ad5933_range4_pga1,0,0,0,0,0,0,0,0,0,0,0
data,793069,125,19,100000,-3409,1734,382466,15303,raw_ad5933_range4_pga1,0,0,0,0,0,0,0,0,0,0,0
status,793187,125,0,0,0,0,0,0,sweep_end,0,0,0,0,0,0,0,0,0,0,0
status,796264,0,0,0,0,0,0,0,i2c_pc8_pc9_scan_start
status,796427,0,0,0,0,0,0,0,i2c_pc8_pc9_found_0x68
status,796502,0,0,0,0,0,0,0,i2c_pc8_pc9_scan_end_count_1
imu,796586,0,0,0,0,0,0,0,imu_sample,0x68,0x68,-2760,6296,8840,-366,3,428,-2832,0x00,0
status,796685,126,0,0,0,0,0,0,sweep_start_5k_to_100k,0,0,0,0,0,0,0,0,0,0,0
data,796857,126,0,5000,206,3834,383953,8692,raw_ad5933_range4_pga1,0,0,0,0,0,0,0,0,0,0,0
data,796990,126,1,10000,-221,3867,387331,9327,raw_ad5933_range4_pga1,0,0,0,0,0,0,0,0,0,0,0
data,797126,126,2,15000,-500,3856,388828,9738,raw_ad5933_range4_pga1,0,0,0,0,0,0,0,0,0,0,0
data,797261,126,3,20000,-756,3815,388919,10120,raw_ad5933_range4_pga1,0,0,0,0,0,0,0,0,0,0,0
data,797398,126,4,25000,-979,3761,388633,10459,raw_ad5933_range4_pga1,0,0,0,0,0,0,0,0,0,0,0
data,797534,126,5,30000,-1207,3696,388809,10808,raw_ad5933_range4_pga1,0,0,0,0,0,0,0,0,0,0,0
data,797672,126,6,35000,-1414,3619,388543,11134,raw_ad5933_range4_pga1,0,0,0,0,0,0,0,0,0,0,0
data,797810,126,7,40000,-1616,3533,388504,11457,raw_ad5933_range4_pga1,0,0,0,0,0,0,0,0,0,0,0
data,797948,126,8,45000,-1815,3437,388680,11783,raw_ad5933_range4_pga1,0,0,0,0,0,0,0,0,0,0,0
data,798086,126,9,50000,-2001,3319,387553,12108,raw_ad5933_range4_pga1,0,0,0,0,0,0,0,0,0,0,0
data,798223,126,10,55000,-2183,3202,387534,12428,raw_ad5933_range4_pga1,0,0,0,0,0,0,0,0,0,0,0
data,798362,126,11,60000,-2359,3069,387087,12754,raw_ad5933_range4_pga1,0,0,0,0,0,0,0,0,0,0,0
data,798501,126,12,65000,-2523,2928,386506,13075,raw_ad5933_range4_pga1,0,0,0,0,0,0,0,0,0,0,0
data,798640,126,13,70000,-2679,2781,386148,13392,raw_ad5933_range4_pga1,0,0,0,0,0,0,0,0,0,0,0
data,798779,126,14,75000,-2826,2625,385706,13711,raw_ad5933_range4_pga1,0,0,0,0,0,0,0,0,0,0,0
data,798918,126,15,80000,-2963,2461,385174,14028,raw_ad5933_range4_pga1,0,0,0,0,0,0,0,0,0,0,0
data,799057,126,16,85000,-3092,2286,384529,14352,raw_ad5933_range4_pga1,0,0,0,0,0,0,0,0,0,0,0
data,799196,126,17,90000,-3213,2112,384499,14668,raw_ad5933_range4_pga1,0,0,0,0,0,0,0,0,0,0,0
data,799335,126,18,95000,-3321,1927,383958,14987,raw_ad5933_range4_pga1,0,0,0,0,0,0,0,0,0,0,0
data,799474,126,19,100000,-3410,1734,382555,15304,raw_ad5933_range4_pga1,0,0,0,0,0,0,0,0,0,0,0
status,799592,126,0,0,0,0,0,0,sweep_end,0,0,0,0,0,0,0,0,0,0,0
status,802670,0,0,0,0,0,0,0,i2c_pc8_pc9_scan_start
status,802833,0,0,0,0,0,0,0,i2c_pc8_pc9_found_0x68
status,802908,0,0,0,0,0,0,0,i2c_pc8_pc9_scan_end_count_1
imu,802992,0,0,0,0,0,0,0,imu_sample,0x68,0x68,-2800,6296,8760,-334,11,424,-2816,0x00,0
status,803092,127,0,0,0,0,0,0,sweep_start_5k_to_100k,0,0,0,0,0,0,0,0,0,0,0
data,803264,127,0,5000,208,3833,383864,8689,raw_ad5933_range4_pga1,0,0,0,0,0,0,0,0,0,0,0
data,803397,127,1,10000,-217,3870,387608,9320,raw_ad5933_range4_pga1,0,0,0,0,0,0,0,0,0,0,0
data,803532,127,2,15000,-504,3847,387987,9746,raw_ad5933_range4_pga1,0,0,0,0,0,0,0,0,0,0,0
data,803668,127,3,20000,-756,3821,389507,10119,raw_ad5933_range4_pga1,0,0,0,0,0,0,0,0,0,0,0
data,803805,127,4,25000,-982,3759,388515,10464,raw_ad5933_range4_pga1,0,0,0,0,0,0,0,0,0,0,0
data,803941,127,5,30000,-1206,3695,388683,10807,raw_ad5933_range4_pga1,0,0,0,0,0,0,0,0,0,0,0
data,804079,127,6,35000,-1415,3620,388672,11134,raw_ad5933_range4_pga1,0,0,0,0,0,0,0,0,0,0,0
data,804217,127,7,40000,-1613,3531,388198,11455,raw_ad5933_range4_pga1,0,0,0,0,0,0,0,0,0,0,0
data,804355,127,8,45000,-1810,3428,387650,11783,raw_ad5933_range4_pga1,0,0,0,0,0,0,0,0,0,0,0
data,804493,127,9,50000,-2007,3321,388035,12114,raw_ad5933_range4_pga1,0,0,0,0,0,0,0,0,0,0,0
data,804630,127,10,55000,-2181,3199,387174,12428,raw_ad5933_range4_pga1,0,0,0,0,0,0,0,0,0,0,0
data,804769,127,11,60000,-2357,3073,387283,12748,raw_ad5933_range4_pga1,0,0,0,0,0,0,0,0,0,0,0
data,804908,127,12,65000,-2525,2932,386940,13073,raw_ad5933_range4_pga1,0,0,0,0,0,0,0,0,0,0,0
data,805047,127,13,70000,-2672,2784,385879,13382,raw_ad5933_range4_pga1,0,0,0,0,0,0,0,0,0,0,0
data,805186,127,14,75000,-2826,2621,385434,13715,raw_ad5933_range4_pga1,0,0,0,0,0,0,0,0,0,0,0
data,805325,127,15,80000,-2960,2462,385007,14024,raw_ad5933_range4_pga1,0,0,0,0,0,0,0,0,0,0,0
data,805464,127,16,85000,-3092,2286,384529,14352,raw_ad5933_range4_pga1,0,0,0,0,0,0,0,0,0,0,0
data,805603,127,17,90000,-3208,2109,383916,14667,raw_ad5933_range4_pga1,0,0,0,0,0,0,0,0,0,0,0
data,805742,127,18,95000,-3319,1923,383584,14991,raw_ad5933_range4_pga1,0,0,0,0,0,0,0,0,0,0,0
data,805881,127,19,100000,-3410,1734,382555,15304,raw_ad5933_range4_pga1,0,0,0,0,0,0,0,0,0,0,0
status,805999,127,0,0,0,0,0,0,sweep_end,0,0,0,0,0,0,0,0,0,0,0
status,809077,0,0,0,0,0,0,0,i2c_pc8_pc9_scan_start
status,809240,0,0,0,0,0,0,0,i2c_pc8_pc9_found_0x68
status,809315,0,0,0,0,0,0,0,i2c_pc8_pc9_scan_end_count_1
imu,809399,0,0,0,0,0,0,0,imu_sample,0x68,0x68,-2776,6404,8856,-360,25,426,-2816,0x00,0
status,809499,128,0,0,0,0,0,0,sweep_start_5k_to_100k,0,0,0,0,0,0,0,0,0,0,0
data,809671,128,0,5000,205,3837,384247,8694,raw_ad5933_range4_pga1,0,0,0,0,0,0,0,0,0,0,0
data,809804,128,1,10000,-217,3871,387708,9320,raw_ad5933_range4_pga1,0,0,0,0,0,0,0,0,0,0,0
data,809939,128,2,15000,-505,3847,388000,9747,raw_ad5933_range4_pga1,0,0,0,0,0,0,0,0,0,0,0
data,810075,128,3,20000,-757,3813,388742,10122,raw_ad5933_range4_pga1,0,0,0,0,0,0,0,0,0,0,0
data,810212,128,4,25000,-983,3758,388444,10465,raw_ad5933_range4_pga1,0,0,0,0,0,0,0,0,0,0,0
data,810348,128,5,30000,-1204,3698,388906,10803,raw_ad5933_range4_pga1,0,0,0,0,0,0,0,0,0,0,0
data,810486,128,6,35000,-1416,3612,387964,11140,raw_ad5933_range4_pga1,0,0,0,0,0,0,0,0,0,0,0
data,810624,128,7,40000,-1616,3532,388413,11458,raw_ad5933_range4_pga1,0,0,0,0,0,0,0,0,0,0,0
data,810762,128,8,45000,-1810,3429,387739,11782,raw_ad5933_range4_pga1,0,0,0,0,0,0,0,0,0,0,0
data,810900,128,9,50000,-2001,3320,387639,12107,raw_ad5933_range4_pga1,0,0,0,0,0,0,0,0,0,0,0
data,811037,128,10,55000,-2184,3199,387343,12432,raw_ad5933_range4_pga1,0,0,0,0,0,0,0,0,0,0,0
data,811176,128,11,60000,-2360,3068,387069,12756,raw_ad5933_range4_pga1,0,0,0,0,0,0,0,0,0,0,0
data,811315,128,12,65000,-2523,2928,386506,13075,raw_ad5933_range4_pga1,0,0,0,0,0,0,0,0,0,0,0
data,811454,128,13,70000,-2678,2780,386006,13392,raw_ad5933_range4_pga1,0,0,0,0,0,0,0,0,0,0,0
data,811593,128,14,75000,-2825,2624,385565,13711,raw_ad5933_range4_pga1,0,0,0,0,0,0,0,0,0,0,0
data,811732,128,15,80000,-2963,2459,385046,14031,raw_ad5933_range4_pga1,0,0,0,0,0,0,0,0,0,0,0
data,811871,128,16,85000,-3090,2283,384190,14354,raw_ad5933_range4_pga1,0,0,0,0,0,0,0,0,0,0,0
data,812010,128,17,90000,-3213,2104,384060,14678,raw_ad5933_range4_pga1,0,0,0,0,0,0,0,0,0,0,0
data,812149,128,18,95000,-3322,1925,383944,14990,raw_ad5933_range4_pga1,0,0,0,0,0,0,0,0,0,0,0
data,812288,128,19,100000,-3408,1738,382559,15297,raw_ad5933_range4_pga1,0,0,0,0,0,0,0,0,0,0,0
status,812406,128,0,0,0,0,0,0,sweep_end,0,0,0,0,0,0,0,0,0,0,0
status,815483,0,0,0,0,0,0,0,i2c_pc8_pc9_scan_start
status,815646,0,0,0,0,0,0,0,i2c_pc8_pc9_found_0x68
status,815721,0,0,0,0,0,0,0,i2c_pc8_pc9_scan_end_count_1
imu,815805,0,0,0,0,0,0,0,imu_sample,0x68,0x68,-2792,6364,8992,-392,9,412,-2848,0x00,0
status,815904,129,0,0,0,0,0,0,sweep_start_5k_to_100k,0,0,0,0,0,0,0,0,0,0,0
data,816076,129,0,5000,204,3830,383543,8695,raw_ad5933_range4_pga1,0,0,0,0,0,0,0,0,0,0,0
data,816209,129,1,10000,-219,3871,387719,9323,raw_ad5933_range4_pga1,0,0,0,0,0,0,0,0,0,0,0
data,816344,129,2,15000,-507,3849,388225,9750,raw_ad5933_range4_pga1,0,0,0,0,0,0,0,0,0,0,0
data,816480,129,3,20000,-756,3819,389311,10119,raw_ad5933_range4_pga1,0,0,0,0,0,0,0,0,0,0,0
data,816617,129,4,25000,-984,3758,388469,10467,raw_ad5933_range4_pga1,0,0,0,0,0,0,0,0,0,0,0
data,816753,129,5,30000,-1205,3697,388842,10805,raw_ad5933_range4_pga1,0,0,0,0,0,0,0,0,0,0,0
data,816891,129,6,35000,-1416,3622,388895,11135,raw_ad5933_range4_pga1,0,0,0,0,0,0,0,0,0,0,0
data,817029,129,7,40000,-1616,3532,388413,11458,raw_ad5933_range4_pga1,0,0,0,0,0,0,0,0,0,0,0
data,817167,129,8,45000,-1815,3428,387884,11789,raw_ad5933_range4_pga1,0,0,0,0,0,0,0,0,0,0,0
data,817305,129,9,50000,-2004,3328,388479,12105,raw_ad5933_range4_pga1,0,0,0,0,0,0,0,0,0,0,0
data,817442,129,10,55000,-2179,3199,387061,12426,raw_ad5933_range4_pga1,0,0,0,0,0,0,0,0,0,0,0
data,817581,129,11,60000,-2360,3068,387069,12756,raw_ad5933_range4_pga1,0,0,0,0,0,0,0,0,0,0,0
data,817720,129,12,65000,-2521,2931,386603,13069,raw_ad5933_range4_pga1,0,0,0,0,0,0,0,0,0,0,0
data,817859,129,13,70000,-2681,2775,385855,13401,raw_ad5933_range4_pga1,0,0,0,0,0,0,0,0,0,0,0
data,817998,129,14,75000,-2827,2622,385575,13715,raw_ad5933_range4_pga1,0,0,0,0,0,0,0,0,0,0,0
data,818137,129,15,80000,-2966,2452,384831,14041,raw_ad5933_range4_pga1,0,0,0,0,0,0,0,0,0,0,0
data,818276,129,16,85000,-3090,2287,384428,14349,raw_ad5933_range4_pga1,0,0,0,0,0,0,0,0,0,0,0
data,818415,129,17,90000,-3205,2107,383555,14667,raw_ad5933_range4_pga1,0,0,0,0,0,0,0,0,0,0,0
data,818554,129,18,95000,-3318,1919,383297,14995,raw_ad5933_range4_pga1,0,0,0,0,0,0,0,0,0,0,0
data,818693,129,19,100000,-3408,1735,382422,15301,raw_ad5933_range4_pga1,0,0,0,0,0,0,0,0,0,0,0
status,818811,129,0,0,0,0,0,0,sweep_end,0,0,0,0,0,0,0,0,0,0,0
status,821888,0,0,0,0,0,0,0,i2c_pc8_pc9_scan_start
status,822051,0,0,0,0,0,0,0,i2c_pc8_pc9_found_0x68
status,822126,0,0,0,0,0,0,0,i2c_pc8_pc9_scan_end_count_1
imu,822210,0,0,0,0,0,0,0,imu_sample,0x68,0x68,-2720,6316,8848,-364,21,406,-2800,0x00,0
status,822310,130,0,0,0,0,0,0,sweep_start_5k_to_100k,0,0,0,0,0,0,0,0,0,0,0
data,822482,130,0,5000,213,3833,383891,8681,raw_ad5933_range4_pga1,0,0,0,0,0,0,0,0,0,0,0
data,822615,130,1,10000,-217,3870,387608,9320,raw_ad5933_range4_pga1,0,0,0,0,0,0,0,0,0,0,0
data,822751,130,2,15000,-503,3849,388173,9744,raw_ad5933_range4_pga1,0,0,0,0,0,0,0,0,0,0,0
data,822886,130,3,20000,-753,3826,389940,10113,raw_ad5933_range4_pga1,0,0,0,0,0,0,0,0,0,0,0
data,823023,130,4,25000,-986,3763,389003,10468,raw_ad5933_range4_pga1,0,0,0,0,0,0,0,0,0,0,0
data,823159,130,5,30000,-1204,3697,388811,10803,raw_ad5933_range4_pga1,0,0,0,0,0,0,0,0,0,0,0
data,823297,130,6,35000,-1413,3617,388320,11133,raw_ad5933_range4_pga1,0,0,0,0,0,0,0,0,0,0,0
data,823435,130,7,40000,-1614,3531,388239,11456,raw_ad5933_range4_pga1,0,0,0,0,0,0,0,0,0,0,0
data,823573,130,8,45000,-1810,3429,387739,11782,raw_ad5933_range4_pga1,0,0,0,0,0,0,0,0,0,0,0
data,823711,130,9,50000,-2003,3319,387657,12111,raw_ad5933_range4_pga1,0,0,0,0,0,0,0,0,0,0,0
data,823848,130,10,55000,-2182,3199,387230,12429,raw_ad5933_range4_pga1,0,0,0,0,0,0,0,0,0,0,0
data,823987,130,11,60000,-2355,3066,386606,12752,raw_ad5933_range4_pga1,0,0,0,0,0,0,0,0,0,0,0
data,824126,130,12,65000,-2524,2922,386117,13082,raw_ad5933_range4_pga1,0,0,0,0,0,0,0,0,0,0,0
data,824265,130,13,70000,-2679,2784,386364,13389,raw_ad5933_range4_pga1,0,0,0,0,0,0,0,0,0,0,0
data,824404,130,14,75000,-2821,2626,385408,13705,raw_ad5933_range4_pga1,0,0,0,0,0,0,0,0,0,0,0
data,824543,130,15,80000,-2965,2460,385264,14031,raw_ad5933_range4_pga1,0,0,0,0,0,0,0,0,0,0,0
data,824682,130,16,85000,-3092,2286,384529,14352,raw_ad5933_range4_pga1,0,0,0,0,0,0,0,0,0,0,0
data,824821,130,17,90000,-3208,2107,383806,14670,raw_ad5933_range4_pga1,0,0,0,0,0,0,0,0,0,0,0
data,824960,130,18,95000,-3319,1926,383735,14987,raw_ad5933_range4_pga1,0,0,0,0,0,0,0,0,0,0,0
data,825099,130,19,100000,-3410,1731,382419,15308,raw_ad5933_range4_pga1,0,0,0,0,0,0,0,0,0,0,0
status,825217,130,0,0,0,0,0,0,sweep_end,0,0,0,0,0,0,0,0,0,0,0
status,828295,0,0,0,0,0,0,0,i2c_pc8_pc9_scan_start
status,828458,0,0,0,0,0,0,0,i2c_pc8_pc9_found_0x68
status,828533,0,0,0,0,0,0,0,i2c_pc8_pc9_scan_end_count_1
imu,828617,0,0,0,0,0,0,0,imu_sample,0x68,0x68,-2692,6420,8904,-354,5,416,-2800,0x00,0
status,828716,131,0,0,0,0,0,0,sweep_start_5k_to_100k,0,0,0,0,0,0,0,0,0,0,0
data,828888,131,0,5000,206,3829,383454,8692,raw_ad5933_range4_pga1,0,0,0,0,0,0,0,0,0,0,0
data,829021,131,1,10000,-218,3869,387514,9322,raw_ad5933_range4_pga1,0,0,0,0,0,0,0,0,0,0,0
data,829156,131,2,15000,-497,3852,388393,9735,raw_ad5933_range4_pga1,0,0,0,0,0,0,0,0,0,0,0
data,829292,131,3,20000,-757,3817,389134,10121,raw_ad5933_range4_pga1,0,0,0,0,0,0,0,0,0,0,0
data,829429,131,4,25000,-982,3765,389096,10461,raw_ad5933_range4_pga1,0,0,0,0,0,0,0,0,0,0,0
data,829565,131,5,30000,-1201,3699,388909,10798,raw_ad5933_range4_pga1,0,0,0,0,0,0,0,0,0,0,0
data,829703,131,6,35000,-1416,3622,388895,11135,raw_ad5933_range4_pga1,0,0,0,0,0,0,0,0,0,0,0
data,829841,131,7,40000,-1615,3533,388463,11456,raw_ad5933_range4_pga1,0,0,0,0,0,0,0,0,0,0,0
data,829979,131,8,45000,-1813,3435,388410,11782,raw_ad5933_range4_pga1,0,0,0,0,0,0,0,0,0,0,0
data,830117,131,9,50000,-2003,3319,387657,12111,raw_ad5933_range4_pga1,0,0,0,0,0,0,0,0,0,0,0
data,830254,131,10,55000,-2182,3198,387148,12430,raw_ad5933_range4_pga1,0,0,0,0,0,0,0,0,0,0,0
data,830393,131,11,60000,-2360,3070,387227,12755,raw_ad5933_range4_pga1,0,0,0,0,0,0,0,0,0,0,0
data,830532,131,12,65000,-2522,2930,386593,13072,raw_ad5933_range4_pga1,0,0,0,0,0,0,0,0,0,0,0
data,830671,131,13,70000,-2678,2777,385790,13396,raw_ad5933_range4_pga1,0,0,0,0,0,0,0,0,0,0,0
data,830810,131,14,75000,-2826,2624,385638,13712,raw_ad5933_range4_pga1,0,0,0,0,0,0,0,0,0,0,0
data,830949,131,15,80000,-2961,2458,384828,14030,raw_ad5933_range4_pga1,0,0,0,0,0,0,0,0,0,0,0
data,831088,131,16,85000,-3086,2286,384047,14347,raw_ad5933_range4_pga1,0,0,0,0,0,0,0,0,0,0,0
data,831227,131,17,90000,-3212,2103,383921,14678,raw_ad5933_range4_pga1,0,0,0,0,0,0,0,0,0,0,0
data,831366,131,18,95000,-3317,1919,383211,14994,raw_ad5933_range4_pga1,0,0,0,0,0,0,0,0,0,0,0
data,831505,131,19,100000,-3414,1731,382776,15311,raw_ad5933_range4_pga1,0,0,0,0,0,0,0,0,0,0,0
status,831623,131,0,0,0,0,0,0,sweep_end,0,0,0,0,0,0,0,0,0,0,0
status,834700,0,0,0,0,0,0,0,i2c_pc8_pc9_scan_start
status,834863,0,0,0,0,0,0,0,i2c_pc8_pc9_found_0x68
status,834938,0,0,0,0,0,0,0,i2c_pc8_pc9_scan_end_count_1
imu,835022,0,0,0,0,0,0,0,imu_sample,0x68,0x68,-2724,6372,8972,-363,-11,412,-2816,0x00,0
status,835123,132,0,0,0,0,0,0,sweep_start_5k_to_100k,0,0,0,0,0,0,0,0,0,0,0
data,835295,132,0,5000,207,3830,383559,8690,raw_ad5933_range4_pga1,0,0,0,0,0,0,0,0,0,0,0
data,835428,132,1,10000,-213,3866,387186,9315,raw_ad5933_range4_pga1,0,0,0,0,0,0,0,0,0,0,0
data,835564,132,2,15000,-504,3853,388582,9745,raw_ad5933_range4_pga1,0,0,0,0,0,0,0,0,0,0,0
data,835699,132,3,20000,-756,3820,389409,10119,raw_ad5933_range4_pga1,0,0,0,0,0,0,0,0,0,0,0
data,835836,132,4,25000,-983,3760,388637,10465,raw_ad5933_range4_pga1,0,0,0,0,0,0,0,0,0,0,0
data,835972,132,5,30000,-1204,3690,388146,10807,raw_ad5933_range4_pga1,0,0,0,0,0,0,0,0,0,0,0
data,836110,132,6,35000,-1413,3612,387855,11136,raw_ad5933_range4_pga1,0,0,0,0,0,0,0,0,0,0,0
data,836248,132,7,40000,-1616,3526,387868,11462,raw_ad5933_range4_pga1,0,0,0,0,0,0,0,0,0,0,0
data,836386,132,8,45000,-1817,3429,388066,11791,raw_ad5933_range4_pga1,0,0,0,0,0,0,0,0,0,0,0
data,836524,132,9,50000,-2000,3321,387673,12105,raw_ad5933_range4_pga1,0,0,0,0,0,0,0,0,0,0,0
data,836661,132,10,55000,-2182,3201,387395,12428,raw_ad5933_range4_pga1,0,0,0,0,0,0,0,0,0,0,0
data,836800,132,11,60000,-2357,3073,387283,12748,raw_ad5933_range4_pga1,0,0,0,0,0,0,0,0,0,0,0
data,836939,132,12,65000,-2521,2925,386149,13075,raw_ad5933_range4_pga1,0,0,0,0,0,0,0,0,0,0,0
data,837078,132,13,70000,-2678,2784,386294,13388,raw_ad5933_range4_pga1,0,0,0,0,0,0,0,0,0,0,0
data,837217,132,14,75000,-2830,2622,385795,13718,raw_ad5933_range4_pga1,0,0,0,0,0,0,0,0,0,0,0
data,837356,132,15,80000,-2967,2457,385226,14037,raw_ad5933_range4_pga1,0,0,0,0,0,0,0,0,0,0,0
data,837495,132,16,85000,-3089,2287,384347,14348,raw_ad5933_range4_pga1,0,0,0,0,0,0,0,0,0,0,0
data,837634,132,17,90000,-3207,2113,384052,14662,raw_ad5933_range4_pga1,0,0,0,0,0,0,0,0,0,0,0
data,837773,132,18,95000,-3317,1924,383461,14988,raw_ad5933_range4_pga1,0,0,0,0,0,0,0,0,0,0,0
data,837912,132,19,100000,-3408,1733,382332,15304,raw_ad5933_range4_pga1,0,0,0,0,0,0,0,0,0,0,0
status,838030,132,0,0,0,0,0,0,sweep_end,0,0,0,0,0,0,0,0,0,0,0
status,841107,0,0,0,0,0,0,0,i2c_pc8_pc9_scan_start
status,841270,0,0,0,0,0,0,0,i2c_pc8_pc9_found_0x68
status,841345,0,0,0,0,0,0,0,i2c_pc8_pc9_scan_end_count_1
imu,841429,0,0,0,0,0,0,0,imu_sample,0x68,0x68,-2692,6372,8972,-359,23,422,-2832,0x00,0
status,841529,133,0,0,0,0,0,0,sweep_start_5k_to_100k,0,0,0,0,0,0,0,0,0,0,0
data,841701,133,0,5000,203,3831,383637,8696,raw_ad5933_range4_pga1,0,0,0,0,0,0,0,0,0,0,0
data,841834,133,1,10000,-221,3871,387730,9326,raw_ad5933_range4_pga1,0,0,0,0,0,0,0,0,0,0,0
data,841969,133,2,15000,-501,3851,388345,9741,raw_ad5933_range4_pga1,0,0,0,0,0,0,0,0,0,0,0
data,842105,133,3,20000,-757,3819,389330,10121,raw_ad5933_range4_pga1,0,0,0,0,0,0,0,0,0,0,0
data,842242,133,4,25000,-972,3762,388554,10448,raw_ad5933_range4_pga1,0,0,0,0,0,0,0,0,0,0,0
data,842378,133,5,30000,-1201,3700,389004,10798,raw_ad5933_range4_pga1,0,0,0,0,0,0,0,0,0,0,0
data,842516,133,6,35000,-1415,3617,388393,11136,raw_ad5933_range4_pga1,0,0,0,0,0,0,0,0,0,0,0
data,842654,133,7,40000,-1610,3534,388346,11449,raw_ad5933_range4_pga1,0,0,0,0,0,0,0,0,0,0,0
data,842792,133,8,45000,-1808,3431,387822,11778,raw_ad5933_range4_pga1,0,0,0,0,0,0,0,0,0,0,0
data,842930,133,9,50000,-1999,3321,387622,12104,raw_ad5933_range4_pga1,0,0,0,0,0,0,0,0,0,0,0
data,843067,133,10,55000,-2183,3201,387452,12429,raw_ad5933_range4_pga1,0,0,0,0,0,0,0,0,0,0,0
data,843206,133,11,60000,-2354,3075,387259,12743,raw_ad5933_range4_pga1,0,0,0,0,0,0,0,0,0,0,0
data,843345,133,12,65000,-2517,2933,386494,13063,raw_ad5933_range4_pga1,0,0,0,0,0,0,0,0,0,0,0
data,843484,133,13,70000,-2675,2779,385726,13390,raw_ad5933_range4_pga1,0,0,0,0,0,0,0,0,0,0,0
data,843623,133,14,75000,-2821,2625,385340,13706,raw_ad5933_range4_pga1,0,0,0,0,0,0,0,0,0,0,0
data,843762,133,15,80000,-2962,2464,385289,14024,raw_ad5933_range4_pga1,0,0,0,0,0,0,0,0,0,0,0
data,843901,133,16,85000,-3087,2293,384544,14339,raw_ad5933_range4_pga1,0,0,0,0,0,0,0,0,0,0,0
data,844040,133,17,90000,-3206,2106,383584,14669,raw_ad5933_range4_pga1,0,0,0,0,0,0,0,0,0,0,0
data,844179,133,18,95000,-3317,1925,383512,14987,raw_ad5933_range4_pga1,0,0,0,0,0,0,0,0,0,0,0
data,844318,133,19,100000,-3409,1739,382693,15297,raw_ad5933_range4_pga1,0,0,0,0,0,0,0,0,0,0,0
status,844436,133,0,0,0,0,0,0,sweep_end,0,0,0,0,0,0,0,0,0,0,0
status,847513,0,0,0,0,0,0,0,i2c_pc8_pc9_scan_start
status,847676,0,0,0,0,0,0,0,i2c_pc8_pc9_found_0x68
status,847751,0,0,0,0,0,0,0,i2c_pc8_pc9_scan_end_count_1
imu,847835,0,0,0,0,0,0,0,imu_sample,0x68,0x68,-2660,6376,8752,-336,16,397,-2832,0x00,0
status,847935,134,0,0,0,0,0,0,sweep_start_5k_to_100k,0,0,0,0,0,0,0,0,0,0,0
data,848107,134,0,5000,210,3826,383176,8685,raw_ad5933_range4_pga1,0,0,0,0,0,0,0,0,0,0,0
data,848240,134,1,10000,-219,3869,387519,9323,raw_ad5933_range4_pga1,0,0,0,0,0,0,0,0,0,0,0
data,848376,134,2,15000,-505,3844,387703,9748,raw_ad5933_range4_pga1,0,0,0,0,0,0,0,0,0,0,0
data,848511,134,3,20000,-747,3809,388156,10109,raw_ad5933_range4_pga1,0,0,0,0,0,0,0,0,0,0,0
data,848648,134,4,25000,-980,3760,388561,10460,raw_ad5933_range4_pga1,0,0,0,0,0,0,0,0,0,0,0
data,848784,134,5,30000,-1207,3693,388524,10809,raw_ad5933_range4_pga1,0,0,0,0,0,0,0,0,0,0,0
data,848922,134,6,35000,-1411,3625,388993,11126,raw_ad5933_range4_pga1,0,0,0,0,0,0,0,0,0,0,0
data,849060,134,7,40000,-1628,3543,389913,11467,raw_ad5933_range4_pga1,0,0,0,0,0,0,0,0,0,0,0
data,849198,134,8,45000,-1825,3425,388088,11805,raw_ad5933_range4_pga1,0,0,0,0,0,0,0,0,0,0,0
data,849336,134,9,50000,-1998,3317,387227,12106,raw_ad5933_range4_pga1,0,0,0,0,0,0,0,0,0,0,0
data,849473,134,10,55000,-2192,3206,388372,12436,raw_ad5933_range4_pga1,0,0,0,0,0,0,0,0,0,0,0
data,849612,134,11,60000,-2359,3069,387087,12754,raw_ad5933_range4_pga1,0,0,0,0,0,0,0,0,0,0,0
data,849751,134,12,65000,-2520,2928,386311,13071,raw_ad5933_range4_pga1,0,0,0,0,0,0,0,0,0,0,0
data,849890,134,13,70000,-2675,2779,385726,13390,raw_ad5933_range4_pga1,0,0,0,0,0,0,0,0,0,0,0
data,850029,134,14,75000,-2836,2625,386439,13721,raw_ad5933_range4_pga1,0,0,0,0,0,0,0,0,0,0,0
data,850168,134,15,80000,-2961,2460,384956,14028,raw_ad5933_range4_pga1,0,0,0,0,0,0,0,0,0,0,0
data,850307,134,16,85000,-3094,2283,384512,14357,raw_ad5933_range4_pga1,0,0,0,0,0,0,0,0,0,0,0
data,850446,134,17,90000,-3203,2106,383333,14667,raw_ad5933_range4_pga1,0,0,0,0,0,0,0,0,0,0,0
data,850585,134,18,95000,-3310,1918,382555,14990,raw_ad5933_range4_pga1,0,0,0,0,0,0,0,0,0,0,0
data,850724,134,19,100000,-3410,1735,382601,15303,raw_ad5933_range4_pga1,0,0,0,0,0,0,0,0,0,0,0
status,850842,134,0,0,0,0,0,0,sweep_end,0,0,0,0,0,0,0,0,0,0,0
status,853920,0,0,0,0,0,0,0,i2c_pc8_pc9_scan_start
status,854083,0,0,0,0,0,0,0,i2c_pc8_pc9_found_0x68
status,854158,0,0,0,0,0,0,0,i2c_pc8_pc9_scan_end_count_1
imu,854242,0,0,0,0,0,0,0,imu_sample,0x68,0x68,-2720,6408,8976,-347,-4,402,-2816,0x00,0
status,854342,135,0,0,0,0,0,0,sweep_start_5k_to_100k,0,0,0,0,0,0,0,0,0,0,0
data,854514,135,0,5000,201,3830,383527,8699,raw_ad5933_range4_pga1,0,0,0,0,0,0,0,0,0,0,0
data,854647,135,1,10000,-215,3870,387597,9317,raw_ad5933_range4_pga1,0,0,0,0,0,0,0,0,0,0,0
data,854782,135,2,15000,-504,3852,388483,9745,raw_ad5933_range4_pga1,0,0,0,0,0,0,0,0,0,0,0
data,854918,135,3,20000,-750,3823,389587,10109,raw_ad5933_range4_pga1,0,0,0,0,0,0,0,0,0,0,0
data,855055,135,4,25000,-984,3756,388276,10468,raw_ad5933_range4_pga1,0,0,0,0,0,0,0,0,0,0,0
data,855191,135,5,30000,-1202,3696,388654,10801,raw_ad5933_range4_pga1,0,0,0,0,0,0,0,0,0,0,0
data,855329,135,6,35000,-1411,3615,388061,11132,raw_ad5933_range4_pga1,0,0,0,0,0,0,0,0,0,0,0
data,855467,135,7,40000,-1613,3530,388107,11455,raw_ad5933_range4_pga1,0,0,0,0,0,0,0,0,0,0,0
data,855605,135,8,45000,-1815,3431,388149,11787,raw_ad5933_range4_pga1,0,0,0,0,0,0,0,0,0,0,0
data,855743,135,9,50000,-2006,3319,387812,12114,raw_ad5933_range4_pga1,0,0,0,0,0,0,0,0,0,0,0
data,855880,135,10,55000,-2189,3202,387873,12435,raw_ad5933_range4_pga1,0,0,0,0,0,0,0,0,0,0,0
data,856019,135,11,60000,-2358,3069,387026,12753,raw_ad5933_range4_pga1,0,0,0,0,0,0,0,0,0,0,0
data,856158,135,12,65000,-2520,2930,386462,13069,raw_ad5933_range4_pga1,0,0,0,0,0,0,0,0,0,0,0
data,856297,135,13,70000,-2677,2781,386009,13390,raw_ad5933_range4_pga1,0,0,0,0,0,0,0,0,0,0,0
data,856436,135,14,75000,-2825,2622,385428,13713,raw_ad5933_range4_pga1,0,0,0,0,0,0,0,0,0,0,0
data,856575,135,15,80000,-2963,2461,385174,14028,raw_ad5933_range4_pga1,0,0,0,0,0,0,0,0,0,0,0
data,856714,135,16,85000,-3100,2289,385351,14355,raw_ad5933_range4_pga1,0,0,0,0,0,0,0,0,0,0,0
data,856853,135,17,90000,-3200,2110,383303,14660,raw_ad5933_range4_pga1,0,0,0,0,0,0,0,0,0,0,0
data,856992,135,18,95000,-3323,1920,383780,14998,raw_ad5933_range4_pga1,0,0,0,0,0,0,0,0,0,0,0
data,857131,135,19,100000,-3412,1737,382870,15302,raw_ad5933_range4_pga1,0,0,0,0,0,0,0,0,0,0,0
status,857249,135,0,0,0,0,0,0,sweep_end,0,0,0,0,0,0,0,0,0,0,0
status,860326,0,0,0,0,0,0,0,i2c_pc8_pc9_scan_start
status,860489,0,0,0,0,0,0,0,i2c_pc8_pc9_found_0x68
status,860564,0,0,0,0,0,0,0,i2c_pc8_pc9_scan_end_count_1
imu,860648,0,0,0,0,0,0,0,imu_sample,0x68,0x68,-2788,6456,9072,-363,20,422,-2832,0x00,0
status,860748,136,0,0,0,0,0,0,sweep_start_5k_to_100k,0,0,0,0,0,0,0,0,0,0,0
data,860920,136,0,5000,203,3832,383737,8696,raw_ad5933_range4_pga1,0,0,0,0,0,0,0,0,0,0,0
data,861053,136,1,10000,-222,3873,387936,9328,raw_ad5933_range4_pga1,0,0,0,0,0,0,0,0,0,0,0
data,861189,136,2,15000,-504,3846,387888,9746,raw_ad5933_range4_pga1,0,0,0,0,0,0,0,0,0,0,0
data,861324,136,3,20000,-750,3817,388999,10111,raw_ad5933_range4_pga1,0,0,0,0,0,0,0,0,0,0,0
data,861461,136,4,25000,-983,3759,388540,10465,raw_ad5933_range4_pga1,0,0,0,0,0,0,0,0,0,0,0
data,861597,136,5,30000,-1202,3697,388749,10801,raw_ad5933_range4_pga1,0,0,0,0,0,0,0,0,0,0,0
data,861735,136,6,35000,-1418,3612,388037,11143,raw_ad5933_range4_pga1,0,0,0,0,0,0,0,0,0,0,0
data,861873,136,7,40000,-1619,3531,388447,11463,raw_ad5933_range4_pga1,0,0,0,0,0,0,0,0,0,0,0
data,862011,136,8,45000,-1811,3427,387609,11785,raw_ad5933_range4_pga1,0,0,0,0,0,0,0,0,0,0,0
data,862149,136,9,50000,-2018,3317,388263,12131,raw_ad5933_range4_pga1,0,0,0,0,0,0,0,0,0,0,0
data,862286,136,10,55000,-2185,3200,387482,12432,raw_ad5933_range4_pga1,0,0,0,0,0,0,0,0,0,0,0
data,862425,136,11,60000,-2362,3072,387508,12755,raw_ad5933_range4_pga1,0,0,0,0,0,0,0,0,0,0,0
data,862564,136,12,65000,-2522,2931,386668,13071,raw_ad5933_range4_pga1,0,0,0,0,0,0,0,0,0,0,0
data,862703,136,13,70000,-2676,2774,385436,13396,raw_ad5933_range4_pga1,0,0,0,0,0,0,0,0,0,0,0
data,862842,136,14,75000,-2818,2626,385188,13701,raw_ad5933_range4_pga1,0,0,0,0,0,0,0,0,0,0,0
data,862981,136,15,80000,-2963,2460,385110,14029,raw_ad5933_range4_pga1,0,0,0,0,0,0,0,0,0,0,0
data,863120,136,16,85000,-3079,2281,383187,14346,raw_ad5933_range4_pga1,0,0,0,0,0,0,0,0,0,0,0
data,863259,136,17,90000,-3208,2113,384136,14662,raw_ad5933_range4_pga1,0,0,0,0,0,0,0,0,0,0,0
data,863398,136,18,95000,-3318,1919,383297,14995,raw_ad5933_range4_pga1,0,0,0,0,0,0,0,0,0,0,0
data,863537,136,19,100000,-3409,1740,382739,15295,raw_ad5933_range4_pga1,0,0,0,0,0,0,0,0,0,0,0
status,863655,136,0,0,0,0,0,0,sweep_end,0,0,0,0,0,0,0,0,0,0,0
status,866732,0,0,0,0,0,0,0,i2c_pc8_pc9_scan_start
status,866895,0,0,0,0,0,0,0,i2c_pc8_pc9_found_0x68
status,866970,0,0,0,0,0,0,0,i2c_pc8_pc9_scan_end_count_1
imu,867054,0,0,0,0,0,0,0,imu_sample,0x68,0x68,-2776,6320,8996,-359,16,416,-2848,0x00,0
status,867154,137,0,0,0,0,0,0,sweep_start_5k_to_100k,0,0,0,0,0,0,0,0,0,0,0
data,867326,137,0,5000,204,3830,383543,8695,raw_ad5933_range4_pga1,0,0,0,0,0,0,0,0,0,0,0
data,867459,137,1,10000,-218,3867,387314,9322,raw_ad5933_range4_pga1,0,0,0,0,0,0,0,0,0,0,0
data,867594,137,2,15000,-503,3847,387974,9744,raw_ad5933_range4_pga1,0,0,0,0,0,0,0,0,0,0,0
data,867730,137,3,20000,-761,3815,389016,10128,raw_ad5933_range4_pga1,0,0,0,0,0,0,0,0,0,0,0
data,867867,137,4,25000,-988,3757,388474,10473,raw_ad5933_range4_pga1,0,0,0,0,0,0,0,0,0,0,0
data,868003,137,5,30000,-1206,3694,388588,10808,raw_ad5933_range4_pga1,0,0,0,0,0,0,0,0,0,0,0
data,868141,137,6,35000,-1413,3622,388786,11131,raw_ad5933_range4_pga1,0,0,0,0,0,0,0,0,0,0,0
data,868279,137,7,40000,-1612,3529,387974,11455,raw_ad5933_range4_pga1,0,0,0,0,0,0,0,0,0,0,0
data,868417,137,8,45000,-1810,3424,387297,11786,raw_ad5933_range4_pga1,0,0,0,0,0,0,0,0,0,0,0
data,868555,137,9,50000,-2005,3317,387589,12115,raw_ad5933_range4_pga1,0,0,0,0,0,0,0,0,0,0,0
data,868692,137,10,55000,-2186,3197,387291,12436,raw_ad5933_range4_pga1,0,0,0,0,0,0,0,0,0,0,0
data,868831,137,11,60000,-2357,3071,387124,12750,raw_ad5933_range4_pga1,0,0,0,0,0,0,0,0,0,0,0
data,868970,137,12,65000,-2527,2915,385784,13092,raw_ad5933_range4_pga1,0,0,0,0,0,0,0,0,0,0,0
data,869109,137,13,70000,-2683,2781,386425,13397,raw_ad5933_range4_pga1,0,0,0,0,0,0,0,0,0,0,0
data,869248,137,14,75000,-2833,2623,386083,13720,raw_ad5933_range4_pga1,0,0,0,0,0,0,0,0,0,0,0
data,869387,137,15,80000,-2963,2458,384982,14032,raw_ad5933_range4_pga1,0,0,0,0,0,0,0,0,0,0,0
data,869526,137,16,85000,-3094,2287,384749,14352,raw_ad5933_range4_pga1,0,0,0,0,0,0,0,0,0,0,0
data,869665,137,17,90000,-3207,2110,383887,14665,raw_ad5933_range4_pga1,0,0,0,0,0,0,0,0,0,0,0
data,869804,137,18,95000,-3321,1921,383657,14995,raw_ad5933_range4_pga1,0,0,0,0,0,0,0,0,0,0,0
data,869943,137,19,100000,-3413,1739,383049,15300,raw_ad5933_range4_pga1,0,0,0,0,0,0,0,0,0,0,0
status,870061,137,0,0,0,0,0,0,sweep_end,0,0,0,0,0,0,0,0,0,0,0
status,873138,0,0,0,0,0,0,0,i2c_pc8_pc9_scan_start
status,873301,0,0,0,0,0,0,0,i2c_pc8_pc9_found_0x68
status,873376,0,0,0,0,0,0,0,i2c_pc8_pc9_scan_end_count_1
imu,873460,0,0,0,0,0,0,0,imu_sample,0x68,0x68,-2780,6428,8956,-381,25,412,-2816,0x00,0
status,873560,138,0,0,0,0,0,0,sweep_start_5k_to_100k,0,0,0,0,0,0,0,0,0,0,0
data,873732,138,0,5000,204,3828,383343,8694,raw_ad5933_range4_pga1,0,0,0,0,0,0,0,0,0,0,0
data,873865,138,1,10000,-218,3867,387314,9322,raw_ad5933_range4_pga1,0,0,0,0,0,0,0,0,0,0,0
data,874001,138,2,15000,-500,3846,387837,9740,raw_ad5933_range4_pga1,0,0,0,0,0,0,0,0,0,0,0
data,874136,138,3,20000,-755,3817,389095,10118,raw_ad5933_range4_pga1,0,0,0,0,0,0,0,0,0,0,0
data,874273,138,4,25000,-976,3760,388461,10455,raw_ad5933_range4_pga1,0,0,0,0,0,0,0,0,0,0,0
data,874409,138,5,30000,-1204,3695,388621,10804,raw_ad5933_range4_pga1,0,0,0,0,0,0,0,0,0,0,0
data,874547,138,6,35000,-1416,3626,389268,11133,raw_ad5933_range4_pga1,0,0,0,0,0,0,0,0,0,0,0
data,874685,138,7,40000,-1615,3536,388735,11454,raw_ad5933_range4_pga1,0,0,0,0,0,0,0,0,0,0,0
data,874823,138,8,45000,-1812,3436,388451,11780,raw_ad5933_range4_pga1,0,0,0,0,0,0,0,0,0,0,0
data,874961,138,9,50000,-2005,3320,387846,12112,raw_ad5933_range4_pga1,0,0,0,0,0,0,0,0,0,0,0
data,875098,138,10,55000,-2180,3195,386787,12430,raw_ad5933_range4_pga1,0,0,0,0,0,0,0,0,0,0,0
data,875237,138,11,60000,-2355,3072,387082,12747,raw_ad5933_range4_pga1,0,0,0,0,0,0,0,0,0,0,0
data,875376,138,12,65000,-2524,2929,386647,13075,raw_ad5933_range4_pga1,0,0,0,0,0,0,0,0,0,0,0
data,875515,138,13,70000,-2680,2775,385785,13400,raw_ad5933_range4_pga1,0,0,0,0,0,0,0,0,0,0,0
data,875654,138,14,75000,-2834,2618,385817,13726,raw_ad5933_range4_pga1,0,0,0,0,0,0,0,0,0,0,0
data,875793,138,15,80000,-2964,2464,385443,14026,raw_ad5933_range4_pga1,0,0,0,0,0,0,0,0,0,0,0
data,875932,138,16,85000,-3091,2279,384033,14359,raw_ad5933_range4_pga1,0,0,0,0,0,0,0,0,0,0,0
data,876071,138,17,90000,-3208,2101,383477,14677,raw_ad5933_range4_pga1,0,0,0,0,0,0,0,0,0,0,0
data,876210,138,18,95000,-3312,1931,383381,14975,raw_ad5933_range4_pga1,0,0,0,0,0,0,0,0,0,0,0
data,876349,138,19,100000,-3406,1737,382335,15297,raw_ad5933_range4_pga1,0,0,0,0,0,0,0,0,0,0,0
status,876467,138,0,0,0,0,0,0,sweep_end,0,0,0,0,0,0,0,0,0,0,0
status,879545,0,0,0,0,0,0,0,i2c_pc8_pc9_scan_start
status,879708,0,0,0,0,0,0,0,i2c_pc8_pc9_found_0x68
status,879783,0,0,0,0,0,0,0,i2c_pc8_pc9_scan_end_count_1
imu,879867,0,0,0,0,0,0,0,imu_sample,0x68,0x68,-2808,6340,9128,-374,13,418,-2832,0x00,0
status,879967,139,0,0,0,0,0,0,sweep_start_5k_to_100k,0,0,0,0,0,0,0,0,0,0,0
data,880139,139,0,5000,206,3842,384752,8693,raw_ad5933_range4_pga1,0,0,0,0,0,0,0,0,0,0,0
data,880272,139,1,10000,-222,3871,387736,9328,raw_ad5933_range4_pga1,0,0,0,0,0,0,0,0,0,0,0
data,880407,139,2,15000,-505,3853,388595,9746,raw_ad5933_range4_pga1,0,0,0,0,0,0,0,0,0,0,0
data,880543,139,3,20000,-756,3816,389017,10120,raw_ad5933_range4_pga1,0,0,0,0,0,0,0,0,0,0,0
data,880680,139,4,25000,-983,3758,388444,10465,raw_ad5933_range4_pga1,0,0,0,0,0,0,0,0,0,0,0
data,880816,139,5,30000,-1201,3698,388814,10799,raw_ad5933_range4_pga1,0,0,0,0,0,0,0,0,0,0,0
data,880954,139,6,35000,-1410,3617,388211,11129,raw_ad5933_range4_pga1,0,0,0,0,0,0,0,0,0,0,0
data,881092,139,7,40000,-1615,3532,388372,11457,raw_ad5933_range4_pga1,0,0,0,0,0,0,0,0,0,0,0
data,881230,139,8,45000,-1813,3426,387614,11788,raw_ad5933_range4_pga1,0,0,0,0,0,0,0,0,0,0,0
data,881368,139,9,50000,-2001,3320,387639,12107,raw_ad5933_range4_pga1,0,0,0,0,0,0,0,0,0,0,0
data,881505,139,10,55000,-2186,3203,387786,12431,raw_ad5933_range4_pga1,0,0,0,0,0,0,0,0,0,0,0
data,881644,139,11,60000,-2360,3064,386752,12760,raw_ad5933_range4_pga1,0,0,0,0,0,0,0,0,0,0,0
data,881783,139,12,65000,-2518,2932,386483,13065,raw_ad5933_range4_pga1,0,0,0,0,0,0,0,0,0,0,0
data,881922,139,13,70000,-2683,2781,386425,13397,raw_ad5933_range4_pga1,0,0,0,0,0,0,0,0,0,0,0
data,882061,139,14,75000,-2828,2617,385309,13721,raw_ad5933_range4_pga1,0,0,0,0,0,0,0,0,0,0,0
data,882200,139,15,80000,-2963,2459,385046,14031,raw_ad5933_range4_pga1,0,0,0,0,0,0,0,0,0,0,0
data,882339,139,16,85000,-3093,2279,384194,14361,raw_ad5933_range4_pga1,0,0,0,0,0,0,0,0,0,0,0
data,882478,139,17,90000,-3206,2105,383529,14671,raw_ad5933_range4_pga1,0,0,0,0,0,0,0,0,0,0,0
data,882617,139,18,95000,-3317,1920,383261,14993,raw_ad5933_range4_pga1,0,0,0,0,0,0,0,0,0,0,0
data,882756,139,19,100000,-3416,1734,383090,15308,raw_ad5933_range4_pga1,0,0,0,0,0,0,0,0,0,0,0
status,882874,139,0,0,0,0,0,0,sweep_end,0,0,0,0,0,0,0,0,0,0,0
status,885951,0,0,0,0,0,0,0,i2c_pc8_pc9_scan_start
status,886114,0,0,0,0,0,0,0,i2c_pc8_pc9_found_0x68
status,886189,0,0,0,0,0,0,0,i2c_pc8_pc9_scan_end_count_1
imu,886273,0,0,0,0,0,0,0,imu_sample,0x68,0x68,-2756,6312,8796,-355,-22,420,-2800,0x00,0
status,886374,140,0,0,0,0,0,0,sweep_start_5k_to_100k,0,0,0,0,0,0,0,0,0,0,0
data,886546,140,0,5000,208,3828,383365,8688,raw_ad5933_range4_pga1,0,0,0,0,0,0,0,0,0,0,0
data,886679,140,1,10000,-220,3864,387026,9325,raw_ad5933_range4_pga1,0,0,0,0,0,0,0,0,0,0,0
data,886814,140,2,15000,-502,3847,387962,9743,raw_ad5933_range4_pga1,0,0,0,0,0,0,0,0,0,0,0
data,886950,140,3,20000,-756,3818,389213,10120,raw_ad5933_range4_pga1,0,0,0,0,0,0,0,0,0,0,0
data,887087,140,4,25000,-989,3761,388886,10473,raw_ad5933_range4_pga1,0,0,0,0,0,0,0,0,0,0,0
data,887223,140,5,30000,-1197,3682,387168,10800,raw_ad5933_range4_pga1,0,0,0,0,0,0,0,0,0,0,0
data,887361,140,6,35000,-1420,3617,388575,11143,raw_ad5933_range4_pga1,0,0,0,0,0,0,0,0,0,0,0
data,887499,140,7,40000,-1613,3530,388107,11455,raw_ad5933_range4_pga1,0,0,0,0,0,0,0,0,0,0,0
data,887637,140,8,45000,-1816,3428,387931,11791,raw_ad5933_range4_pga1,0,0,0,0,0,0,0,0,0,0,0
data,887775,140,9,50000,-2008,3326,388514,12112,raw_ad5933_range4_pga1,0,0,0,0,0,0,0,0,0,0,0
data,887912,140,10,55000,-2183,3198,387204,12431,raw_ad5933_range4_pga1,0,0,0,0,0,0,0,0,0,0,0
data,888051,140,11,60000,-2352,3068,386582,12747,raw_ad5933_range4_pga1,0,0,0,0,0,0,0,0,0,0,0
data,888190,140,12,65000,-2519,2921,385715,13077,raw_ad5933_range4_pga1,0,0,0,0,0,0,0,0,0,0,0
data,888329,140,13,70000,-2681,2783,386430,13393,raw_ad5933_range4_pga1,0,0,0,0,0,0,0,0,0,0,0
data,888468,140,14,75000,-2826,2621,385434,13715,raw_ad5933_range4_pga1,0,0,0,0,0,0,0,0,0,0,0
data,888607,140,15,80000,-2964,2460,385187,14030,raw_ad5933_range4_pga1,0,0,0,0,0,0,0,0,0,0,0
data,888746,140,16,85000,-3097,2278,384457,14366,raw_ad5933_range4_pga1,0,0,0,0,0,0,0,0,0,0,0
data,888885,140,17,90000,-3205,2111,383775,14662,raw_ad5933_range4_pga1,0,0,0,0,0,0,0,0,0,0,0
data,889024,140,18,95000,-3319,1925,383685,14988,raw_ad5933_range4_pga1,0,0,0,0,0,0,0,0,0,0,0
data,889163,140,19,100000,-3412,1733,382688,15307,raw_ad5933_range4_pga1,0,0,0,0,0,0,0,0,0,0,0
status,889281,140,0,0,0,0,0,0,sweep_end,0,0,0,0,0,0,0,0,0,0,0
status,892358,0,0,0,0,0,0,0,i2c_pc8_pc9_scan_start
status,892521,0,0,0,0,0,0,0,i2c_pc8_pc9_found_0x68
status,892596,0,0,0,0,0,0,0,i2c_pc8_pc9_scan_end_count_1
imu,892680,0,0,0,0,0,0,0,imu_sample,0x68,0x68,-2792,6328,8876,-372,3,441,-2816,0x00,0
status,892779,141,0,0,0,0,0,0,sweep_start_5k_to_100k,0,0,0,0,0,0,0,0,0,0,0
data,892951,141,0,5000,202,3828,383333,8697,raw_ad5933_range4_pga1,0,0,0,0,0,0,0,0,0,0,0
data,893084,141,1,10000,-217,3865,387109,9321,raw_ad5933_range4_pga1,0,0,0,0,0,0,0,0,0,0,0
data,893219,141,2,15000,-504,3848,388087,9746,raw_ad5933_range4_pga1,0,0,0,0,0,0,0,0,0,0,0
data,893355,141,3,20000,-758,3815,388957,10123,raw_ad5933_range4_pga1,0,0,0,0,0,0,0,0,0,0,0
data,893492,141,4,25000,-989,3762,388983,10472,raw_ad5933_range4_pga1,0,0,0,0,0,0,0,0,0,0,0
data,893628,141,5,30000,-1199,3698,388752,10796,raw_ad5933_range4_pga1,0,0,0,0,0,0,0,0,0,0,0
data,893766,141,6,35000,-1418,3616,388409,11141,raw_ad5933_range4_pga1,0,0,0,0,0,0,0,0,0,0,0
data,893904,141,7,40000,-1616,3535,388686,11456,raw_ad5933_range4_pga1,0,0,0,0,0,0,0,0,0,0,0
data,894042,141,8,45000,-1809,3427,387515,11782,raw_ad5933_range4_pga1,0,0,0,0,0,0,0,0,0,0,0
data,894180,141,9,50000,-2002,3321,387776,12108,raw_ad5933_range4_pga1,0,0,0,0,0,0,0,0,0,0,0
data,894317,141,10,55000,-2180,3199,387118,12427,raw_ad5933_range4_pga1,0,0,0,0,0,0,0,0,0,0,0
data,894456,141,11,60000,-2364,3078,388105,12752,raw_ad5933_range4_pga1,0,0,0,0,0,0,0,0,0,0,0
data,894595,141,12,65000,-2528,2927,386757,13081,raw_ad5933_range4_pga1,0,0,0,0,0,0,0,0,0,0,0
data,894734,141,13,70000,-2685,2778,386348,13402,raw_ad5933_range4_pga1,0,0,0,0,0,0,0,0,0,0,0
data,894873,141,14,75000,-2826,2619,385298,13717,raw_ad5933_range4_pga1,0,0,0,0,0,0,0,0,0,0,0
data,895012,141,15,80000,-2968,2462,385622,14032,raw_ad5933_range4_pga1,0,0,0,0,0,0,0,0,0,0,0
data,895151,141,16,85000,-3089,2281,383991,14355,raw_ad5933_range4_pga1,0,0,0,0,0,0,0,0,0,0,0
data,895290,141,17,90000,-3211,2117,384606,14660,raw_ad5933_range4_pga1,0,0,0,0,0,0,0,0,0,0,0
data,895429,141,18,95000,-3315,1924,383288,14986,raw_ad5933_range4_pga1,0,0,0,0,0,0,0,0,0,0,0
data,895568,141,19,100000,-3405,1734,382110,15301,raw_ad5933_range4_pga1,0,0,0,0,0,0,0,0,0,0,0
status,895686,141,0,0,0,0,0,0,sweep_end,0,0,0,0,0,0,0,0,0,0,0
status,898763,0,0,0,0,0,0,0,i2c_pc8_pc9_scan_start
status,898926,0,0,0,0,0,0,0,i2c_pc8_pc9_found_0x68
status,899001,0,0,0,0,0,0,0,i2c_pc8_pc9_scan_end_count_1
imu,899085,0,0,0,0,0,0,0,imu_sample,0x68,0x68,-2732,6380,8932,-345,8,426,-2832,0x00,0
status,899184,142,0,0,0,0,0,0,sweep_start_5k_to_100k,0,0,0,0,0,0,0,0,0,0,0
data,899356,142,0,5000,204,3827,383243,8694,raw_ad5933_range4_pga1,0,0,0,0,0,0,0,0,0,0,0
data,899489,142,1,10000,-215,3873,387896,9317,raw_ad5933_range4_pga1,0,0,0,0,0,0,0,0,0,0,0
data,899624,142,2,15000,-508,3848,388139,9752,raw_ad5933_range4_pga1,0,0,0,0,0,0,0,0,0,0,0
data,899760,142,3,20000,-762,3817,389232,10128,raw_ad5933_range4_pga1,0,0,0,0,0,0,0,0,0,0,0
data,899897,142,4,25000,-987,3761,388835,10470,raw_ad5933_range4_pga1,0,0,0,0,0,0,0,0,0,0,0
data,900033,142,5,30000,-1205,3687,387892,10809,raw_ad5933_range4_pga1,0,0,0,0,0,0,0,0,0,0,0
data,900171,142,6,35000,-1414,3617,388357,11135,raw_ad5933_range4_pga1,0,0,0,0,0,0,0,0,0,0,0
data,900309,142,7,40000,-1616,3532,388413,11458,raw_ad5933_range4_pga1,0,0,0,0,0,0,0,0,0,0,0
data,900447,142,8,45000,-1818,3424,387671,11796,raw_ad5933_range4_pga1,0,0,0,0,0,0,0,0,0,0,0
data,900585,142,9,50000,-2000,3325,388016,12102,raw_ad5933_range4_pga1,0,0,0,0,0,0,0,0,0,0,0
data,900722,142,10,55000,-2179,3195,386731,12429,raw_ad5933_range4_pga1,0,0,0,0,0,0,0,0,0,0,0
data,900861,142,11,60000,-2362,3066,387032,12761,raw_ad5933_range4_pga1,0,0,0,0,0,0,0,0,0,0,0
data,901000,142,12,65000,-2524,2927,386496,13077,raw_ad5933_range4_pga1,0,0,0,0,0,0,0,0,0,0,0
data,901139,142,13,70000,-2676,2785,386228,13385,raw_ad5933_range4_pga1,0,0,0,0,0,0,0,0,0,0,0
data,901278,142,14,75000,-2828,2620,385512,13718,raw_ad5933_range4_pga1,0,0,0,0,0,0,0,0,0,0,0
data,901417,142,15,80000,-2967,2451,384844,14044,raw_ad5933_range4_pga1,0,0,0,0,0,0,0,0,0,0,0
data,901556,142,16,85000,-3090,2290,384606,14345,raw_ad5933_range4_pga1,0,0,0,0,0,0,0,0,0,0,0
data,901695,142,17,90000,-3207,2114,384107,14660,raw_ad5933_range4_pga1,0,0,0,0,0,0,0,0,0,0,0
data,901834,142,18,95000,-3327,1920,384127,15001,raw_ad5933_range4_pga1,0,0,0,0,0,0,0,0,0,0,0
data,901973,142,19,100000,-3414,1738,383093,15302,raw_ad5933_range4_pga1,0,0,0,0,0,0,0,0,0,0,0
status,902091,142,0,0,0,0,0,0,sweep_end,0,0,0,0,0,0,0,0,0,0,0
status,905168,0,0,0,0,0,0,0,i2c_pc8_pc9_scan_start
status,905331,0,0,0,0,0,0,0,i2c_pc8_pc9_found_0x68
status,905406,0,0,0,0,0,0,0,i2c_pc8_pc9_scan_end_count_1
imu,905490,0,0,0,0,0,0,0,imu_sample,0x68,0x68,-2744,6320,8904,-353,2,402,-2816,0x00,0
status,905589,143,0,0,0,0,0,0,sweep_start_5k_to_100k,0,0,0,0,0,0,0,0,0,0,0
data,905761,143,0,5000,200,3832,383722,8701,raw_ad5933_range4_pga1,0,0,0,0,0,0,0,0,0,0,0
data,905894,143,1,10000,-215,3869,387497,9318,raw_ad5933_range4_pga1,0,0,0,0,0,0,0,0,0,0,0
data,906029,143,2,15000,-500,3843,387539,9741,raw_ad5933_range4_pga1,0,0,0,0,0,0,0,0,0,0,0
data,906165,143,3,20000,-756,3816,389017,10120,raw_ad5933_range4_pga1,0,0,0,0,0,0,0,0,0,0,0
data,906302,143,4,25000,-992,3764,389253,10476,raw_ad5933_range4_pga1,0,0,0,0,0,0,0,0,0,0,0
data,906438,143,5,30000,-1204,3710,390048,10797,raw_ad5933_range4_pga1,0,0,0,0,0,0,0,0,0,0,0
data,906576,143,6,35000,-1418,3619,388689,11139,raw_ad5933_range4_pga1,0,0,0,0,0,0,0,0,0,0,0
data,906714,143,7,40000,-1615,3530,388190,11458,raw_ad5933_range4_pga1,0,0,0,0,0,0,0,0,0,0,0
data,906852,143,8,45000,-1807,3436,388218,11773,raw_ad5933_range4_pga1,0,0,0,0,0,0,0,0,0,0,0
data,906990,143,9,50000,-1999,3320,387536,12105,raw_ad5933_range4_pga1,0,0,0,0,0,0,0,0,0,0,0
data,907127,143,10,55000,-2175,3203,387167,12417,raw_ad5933_range4_pga1,0,0,0,0,0,0,0,0,0,0,0
data,907266,143,11,60000,-2356,3069,386904,12751,raw_ad5933_range4_pga1,0,0,0,0,0,0,0,0,0,0,0
data,907405,143,12,65000,-2524,2930,386723,13074,raw_ad5933_range4_pga1,0,0,0,0,0,0,0,0,0,0,0
data,907544,143,13,70000,-2679,2781,386148,13392,raw_ad5933_range4_pga1,0,0,0,0,0,0,0,0,0,0,0
data,907683,143,14,75000,-2825,2620,385292,13715,raw_ad5933_range4_pga1,0,0,0,0,0,0,0,0,0,0,0
data,907822,143,15,80000,-2970,2458,385521,14038,raw_ad5933_range4_pga1,0,0,0,0,0,0,0,0,0,0,0
data,907961,143,16,85000,-3096,2284,384732,14358,raw_ad5933_range4_pga1,0,0,0,0,0,0,0,0,0,0,0
data,908100,143,17,90000,-3214,2109,384417,14672,raw_ad5933_range4_pga1,0,0,0,0,0,0,0,0,0,0,0
data,908239,143,18,95000,-3312,1930,383331,14976,raw_ad5933_range4_pga1,0,0,0,0,0,0,0,0,0,0,0
data,908378,143,19,100000,-3411,1730,382463,15310,raw_ad5933_range4_pga1,0,0,0,0,0,0,0,0,0,0,0
status,908496,143,0,0,0,0,0,0,sweep_end,0,0,0,0,0,0,0,0,0,0,0
status,911573,0,0,0,0,0,0,0,i2c_pc8_pc9_scan_start
status,911736,0,0,0,0,0,0,0,i2c_pc8_pc9_found_0x68
status,911811,0,0,0,0,0,0,0,i2c_pc8_pc9_scan_end_count_1
imu,911895,0,0,0,0,0,0,0,imu_sample,0x68,0x68,-2724,6332,8864,-380,11,405,-2800,0x00,0
status,911995,144,0,0,0,0,0,0,sweep_start_5k_to_100k,0,0,0,0,0,0,0,0,0,0,0
data,912167,144,0,5000,200,3827,383222,8700,raw_ad5933_range4_pga1,0,0,0,0,0,0,0,0,0,0,0
data,912300,144,1,10000,-212,3873,387880,9313,raw_ad5933_range4_pga1,0,0,0,0,0,0,0,0,0,0,0
data,912436,144,2,15000,-502,3848,388061,9743,raw_ad5933_range4_pga1,0,0,0,0,0,0,0,0,0,0,0
data,912571,144,3,20000,-762,3820,389526,10128,raw_ad5933_range4_pga1,0,0,0,0,0,0,0,0,0,0,0
data,912708,144,4,25000,-982,3763,388902,10462,raw_ad5933_range4_pga1,0,0,0,0,0,0,0,0,0,0,0
data,912844,144,5,30000,-1197,3698,388690,10793,raw_ad5933_range4_pga1,0,0,0,0,0,0,0,0,0,0,0
data,912982,144,6,35000,-1414,3622,388822,11132,raw_ad5933_range4_pga1,0,0,0,0,0,0,0,0,0,0,0
data,913120,144,7,40000,-1618,3528,388133,11463,raw_ad5933_range4_pga1,0,0,0,0,0,0,0,0,0,0,0
data,913258,144,8,45000,-1801,3412,385815,11782,raw_ad5933_range4_pga1,0,0,0,0,0,0,0,0,0,0,0
data,913396,144,9,50000,-2004,3322,387965,12110,raw_ad5933_range4_pga1,0,0,0,0,0,0,0,0,0,0,0
data,913533,144,10,55000,-2185,3199,387399,12433,raw_ad5933_range4_pga1,0,0,0,0,0,0,0,0,0,0,0
data,913672,144,11,60000,-2356,3064,386508,12755,raw_ad5933_range4_pga1,0,0,0,0,0,0,0,0,0,0,0
data,913811,144,12,65000,-2527,2931,386995,13076,raw_ad5933_range4_pga1,0,0,0,0,0,0,0,0,0,0,0
data,913950,144,13,70000,-2683,2781,386425,13397,raw_ad5933_range4_pga1,0,0,0,0,0,0,0,0,0,0,0
data,914089,144,14,75000,-2819,2617,384649,13712,raw_ad5933_range4_pga1,0,0,0,0,0,0,0,0,0,0,0
data,914228,144,15,80000,-2953,2462,384469,14018,raw_ad5933_range4_pga1,0,0,0,0,0,0,0,0,0,0,0
data,914367,144,16,85000,-3095,2290,385008,14350,raw_ad5933_range4_pga1,0,0,0,0,0,0,0,0,0,0,0
data,914506,144,17,90000,-3216,2110,384640,14673,raw_ad5933_range4_pga1,0,0,0,0,0,0,0,0,0,0,0
data,914645,144,18,95000,-3318,1923,383498,14990,raw_ad5933_range4_pga1,0,0,0,0,0,0,0,0,0,0,0
data,914784,144,19,100000,-3415,1725,382594,15320,raw_ad5933_range4_pga1,0,0,0,0,0,0,0,0,0,0,0
status,914902,144,0,0,0,0,0,0,sweep_end,0,0,0,0,0,0,0,0,0,0,0
status,917980,0,0,0,0,0,0,0,i2c_pc8_pc9_scan_start
status,918143,0,0,0,0,0,0,0,i2c_pc8_pc9_found_0x68
status,918218,0,0,0,0,0,0,0,i2c_pc8_pc9_scan_end_count_1
imu,918302,0,0,0,0,0,0,0,imu_sample,0x68,0x68,-2692,6436,8972,-360,11,426,-2784,0x00,0
status,918402,145,0,0,0,0,0,0,sweep_start_5k_to_100k,0,0,0,0,0,0,0,0,0,0,0
data,918574,145,0,5000,208,3827,383265,8688,raw_ad5933_range4_pga1,0,0,0,0,0,0,0,0,0,0,0
data,918707,145,1,10000,-217,3866,387209,9321,raw_ad5933_range4_pga1,0,0,0,0,0,0,0,0,0,0,0
data,918842,145,2,15000,-503,3850,388272,9744,raw_ad5933_range4_pga1,0,0,0,0,0,0,0,0,0,0,0
data,918978,145,3,20000,-763,3820,389545,10129,raw_ad5933_range4_pga1,0,0,0,0,0,0,0,0,0,0,0
data,919115,145,4,25000,-983,3760,388637,10465,raw_ad5933_range4_pga1,0,0,0,0,0,0,0,0,0,0,0
data,919251,145,5,30000,-1201,3696,388623,10800,raw_ad5933_range4_pga1,0,0,0,0,0,0,0,0,0,0,0
data,919389,145,6,35000,-1411,3623,388807,11127,raw_ad5933_range4_pga1,0,0,0,0,0,0,0,0,0,0,0
data,919527,145,7,40000,-1610,3536,388528,11448,raw_ad5933_range4_pga1,0,0,0,0,0,0,0,0,0,0,0
data,919665,145,8,45000,-1817,3429,388066,11791,raw_ad5933_range4_pga1,0,0,0,0,0,0,0,0,0,0,0
data,919803,145,9,50000,-1998,3321,387570,12103,raw_ad5933_range4_pga1,0,0,0,0,0,0,0,0,0,0,0
data,919940,145,10,55000,-2186,3196,387208,12437,raw_ad5933_range4_pga1,0,0,0,0,0,0,0,0,0,0,0
data,920079,145,11,60000,-2360,3067,386990,12757,raw_ad5933_range4_pga1,0,0,0,0,0,0,0,0,0,0,0
data,920218,145,12,65000,-2527,2937,387449,13070,raw_ad5933_range4_pga1,0,0,0,0,0,0,0,0,0,0,0
data,920357,145,13,70000,-2687,2779,386559,13403,raw_ad5933_range4_pga1,0,0,0,0,0,0,0,0,0,0,0
data,920496,145,14,75000,-2823,2615,384806,13719,raw_ad5933_range4_pga1,0,0,0,0,0,0,0,0,0,0,0
data,920635,145,15,80000,-2964,2460,385187,14030,raw_ad5933_range4_pga1,0,0,0,0,0,0,0,0,0,0,0
data,920774,145,16,85000,-3092,2283,384351,14355,raw_ad5933_range4_pga1,0,0,0,0,0,0,0,0,0,0,0
data,920913,145,17,90000,-3215,2110,384556,14672,raw_ad5933_range4_pga1,0,0,0,0,0,0,0,0,0,0,0
data,921052,145,18,95000,-3316,1922,383275,14990,raw_ad5933_range4_pga1,0,0,0,0,0,0,0,0,0,0,0
data,921191,145,19,100000,-3413,1739,383049,15300,raw_ad5933_range4_pga1,0,0,0,0,0,0,0,0,0,0,0
status,921309,145,0,0,0,0,0,0,sweep_end,0,0,0,0,0,0,0,0,0,0,0
status,924387,0,0,0,0,0,0,0,i2c_pc8_pc9_scan_start
status,924550,0,0,0,0,0,0,0,i2c_pc8_pc9_found_0x68
status,924625,0,0,0,0,0,0,0,i2c_pc8_pc9_scan_end_count_1
imu,924709,0,0,0,0,0,0,0,imu_sample,0x68,0x68,-2748,6332,8900,-344,17,413,-2848,0x00,0
status,924809,146,0,0,0,0,0,0,sweep_start_5k_to_100k,0,0,0,0,0,0,0,0,0,0,0
data,924981,146,0,5000,200,3827,383222,8700,raw_ad5933_range4_pga1,0,0,0,0,0,0,0,0,0,0,0
data,925114,146,1,10000,-217,3863,386909,9321,raw_ad5933_range4_pga1,0,0,0,0,0,0,0,0,0,0,0
data,925249,146,2,15000,-489,3848,387895,9724,raw_ad5933_range4_pga1,0,0,0,0,0,0,0,0,0,0,0
data,925385,146,3,20000,-754,3815,388880,10117,raw_ad5933_range4_pga1,0,0,0,0,0,0,0,0,0,0,0
data,925522,146,4,25000,-983,3763,388927,10464,raw_ad5933_range4_pga1,0,0,0,0,0,0,0,0,0,0,0
data,925658,146,5,30000,-1204,3696,388716,10804,raw_ad5933_range4_pga1,0,0,0,0,0,0,0,0,0,0,0
data,925796,146,6,35000,-1417,3617,388466,11139,raw_ad5933_range4_pga1,0,0,0,0,0,0,0,0,0,0,0
data,925934,146,7,40000,-1613,3529,388016,11456,raw_ad5933_range4_pga1,0,0,0,0,0,0,0,0,0,0,0
data,926072,146,8,45000,-1816,3427,387843,11791,raw_ad5933_range4_pga1,0,0,0,0,0,0,0,0,0,0,0
data,926210,146,9,50000,-1999,3321,387622,12104,raw_ad5933_range4_pga1,0,0,0,0,0,0,0,0,0,0,0
data,926347,146,10,55000,-2192,3199,387795,12441,raw_ad5933_range4_pga1,0,0,0,0,0,0,0,0,0,0,0
data,926486,146,11,60000,-2359,3071,387246,12752,raw_ad5933_range4_pga1,0,0,0,0,0,0,0,0,0,0,0
data,926625,146,12,65000,-2528,2924,386530,13084,raw_ad5933_range4_pga1,0,0,0,0,0,0,0,0,0,0,0
data,926764,146,13,70000,-2683,2780,386353,13398,raw_ad5933_range4_pga1,0,0,0,0,0,0,0,0,0,0,0
data,926903,146,14,75000,-2827,2626,385847,13711,raw_ad5933_range4_pga1,0,0,0,0,0,0,0,0,0,0,0
data,927042,146,15,80000,-2971,2457,385535,14040,raw_ad5933_range4_pga1,0,0,0,0,0,0,0,0,0,0,0
data,927181,146,16,85000,-3091,2287,384508,14350,raw_ad5933_range4_pga1,0,0,0,0,0,0,0,0,0,0,0
data,927320,146,17,90000,-3204,2106,383417,14668,raw_ad5933_range4_pga1,0,0,0,0,0,0,0,0,0,0,0
data,927459,146,18,95000,-3320,1922,383621,14993,raw_ad5933_range4_pga1,0,0,0,0,0,0,0,0,0,0,0
data,927598,146,19,100000,-3411,1734,382644,15305,raw_ad5933_range4_pga1,0,0,0,0,0,0,0,0,0,0,0
status,927716,146,0,0,0,0,0,0,sweep_end,0,0,0,0,0,0,0,0,0,0,0
status,930793,0,0,0,0,0,0,0,i2c_pc8_pc9_scan_start
status,930956,0,0,0,0,0,0,0,i2c_pc8_pc9_found_0x68
status,931031,0,0,0,0,0,0,0,i2c_pc8_pc9_scan_end_count_1
imu,931115,0,0,0,0,0,0,0,imu_sample,0x68,0x68,-2740,6392,8916,-364,10,411,-2784,0x00,0
status,931215,147,0,0,0,0,0,0,sweep_start_5k_to_100k,0,0,0,0,0,0,0,0,0,0,0
data,931387,147,0,5000,208,3832,383764,8689,raw_ad5933_range4_pga1,0,0,0,0,0,0,0,0,0,0,0
data,931520,147,1,10000,-217,3870,387608,9320,raw_ad5933_range4_pga1,0,0,0,0,0,0,0,0,0,0,0
data,931656,147,2,15000,-504,3850,388285,9745,raw_ad5933_range4_pga1,0,0,0,0,0,0,0,0,0,0,0
data,931791,147,3,20000,-758,3816,389056,10123,raw_ad5933_range4_pga1,0,0,0,0,0,0,0,0,0,0,0
data,931928,147,4,25000,-985,3756,388301,10469,raw_ad5933_range4_pga1,0,0,0,0,0,0,0,0,0,0,0
data,932064,147,5,30000,-1209,3694,388681,10812,raw_ad5933_range4_pga1,0,0,0,0,0,0,0,0,0,0,0
data,932202,147,6,35000,-1413,3615,388134,11134,raw_ad5933_range4_pga1,0,0,0,0,0,0,0,0,0,0,0
data,932340,147,7,40000,-1611,3534,388387,11450,raw_ad5933_range4_pga1,0,0,0,0,0,0,0,0,0,0,0
data,932478,147,8,45000,-1821,3436,388872,11792,raw_ad5933_range4_pga1,0,0,0,0,0,0,0,0,0,0,0
data,932616,147,9,50000,-2007,3314,387436,12119,raw_ad5933_range4_pga1,0,0,0,0,0,0,0,0,0,0,0
data,932753,147,10,55000,-2182,3194,386817,12433,raw_ad5933_range4_pga1,0,0,0,0,0,0,0,0,0,0,0
data,932892,147,11,60000,-2356,3071,387063,12749,raw_ad5933_range4_pga1,0,0,0,0,0,0,0,0,0,0,0
data,933031,147,12,65000,-2526,2930,386854,13076,raw_ad5933_range4_pga1,0,0,0,0,0,0,0,0,0,0,0
data,933170,147,13,70000,-2676,2782,386012,13388,raw_ad5933_range4_pga1,0,0,0,0,0,0,0,0,0,0,0
data,933309,147,14,75000,-2828,2619,385444,13719,raw_ad5933_range4_pga1,0,0,0,0,0,0,0,0,0,0,0
data,933448,147,15,80000,-2963,2462,385238,14027,raw_ad5933_range4_pga1,0,0,0,0,0,0,0,0,0,0,0
data,933587,147,16,85000,-3089,2290,384526,14344,raw_ad5933_range4_pga1,0,0,0,0,0,0,0,0,0,0,0
data,933726,147,17,90000,-3208,2109,383916,14667,raw_ad5933_range4_pga1,0,0,0,0,0,0,0,0,0,0,0
data,933865,147,18,95000,-3315,1927,383439,14983,raw_ad5933_range4_pga1,0,0,0,0,0,0,0,0,0,0,0
data,934004,147,19,100000,-3408,1738,382559,15297,raw_ad5933_range4_pga1,0,0,0,0,0,0,0,0,0,0,0
status,934122,147,0,0,0,0,0,0,sweep_end,0,0,0,0,0,0,0,0,0,0,0
status,937199,0,0,0,0,0,0,0,i2c_pc8_pc9_scan_start
status,937362,0,0,0,0,0,0,0,i2c_pc8_pc9_found_0x68
status,937437,0,0,0,0,0,0,0,i2c_pc8_pc9_scan_end_count_1
imu,937521,0,0,0,0,0,0,0,imu_sample,0x68,0x68,-2768,6260,8692,-356,-1,411,-2784,0x00,0
status,937621,148,0,0,0,0,0,0,sweep_start_5k_to_100k,0,0,0,0,0,0,0,0,0,0,0
data,937793,148,0,5000,206,3829,383454,8692,raw_ad5933_range4_pga1,0,0,0,0,0,0,0,0,0,0,0
data,937926,148,1,10000,-217,3865,387109,9321,raw_ad5933_range4_pga1,0,0,0,0,0,0,0,0,0,0,0
data,938061,148,2,15000,-505,3851,388397,9747,raw_ad5933_range4_pga1,0,0,0,0,0,0,0,0,0,0,0
data,938197,148,3,20000,-751,3819,389214,10112,raw_ad5933_range4_pga1,0,0,0,0,0,0,0,0,0,0,0
data,938334,148,4,25000,-985,3759,388591,10468,raw_ad5933_range4_pga1,0,0,0,0,0,0,0,0,0,0,0
data,938470,148,5,30000,-1204,3694,388526,10805,raw_ad5933_range4_pga1,0,0,0,0,0,0,0,0,0,0,0
data,938608,148,6,35000,-1414,3620,388636,11133,raw_ad5933_range4_pga1,0,0,0,0,0,0,0,0,0,0,0
data,938746,148,7,40000,-1618,3532,388496,11461,raw_ad5933_range4_pga1,0,0,0,0,0,0,0,0,0,0,0
data,938884,148,8,45000,-1809,3430,387781,11780,raw_ad5933_range4_pga1,0,0,0,0,0,0,0,0,0,0,0
data,939022,148,9,50000,-2005,3318,387674,12114,raw_ad5933_range4_pga1,0,0,0,0,0,0,0,0,0,0,0
data,939159,148,10,55000,-2184,3196,387095,12434,raw_ad5933_range4_pga1,0,0,0,0,0,0,0,0,0,0,0
data,939298,148,11,60000,-2357,3071,387124,12750,raw_ad5933_range4_pga1,0,0,0,0,0,0,0,0,0,0,0
data,939437,148,12,65000,-2525,2936,387243,13069,raw_ad5933_range4_pga1,0,0,0,0,0,0,0,0,0,0,0
data,939576,148,13,70000,-2675,2778,385654,13391,raw_ad5933_range4_pga1,0,0,0,0,0,0,0,0,0,0,0
data,939715,148,14,75000,-2828,2622,385648,13716,raw_ad5933_range4_pga1,0,0,0,0,0,0,0,0,0,0,0
data,939854,148,15,80000,-2959,2461,384866,14024,raw_ad5933_range4_pga1,0,0,0,0,0,0,0,0,0,0,0
data,939993,148,16,85000,-3091,2288,384568,14349,raw_ad5933_range4_pga1,0,0,0,0,0,0,0,0,0,0,0
data,940132,148,17,90000,-3203,2107,383388,14666,raw_ad5933_range4_pga1,0,0,0,0,0,0,0,0,0,0,0
data,940271,148,18,95000,-3314,1928,383403,14981,raw_ad5933_range4_pga1,0,0,0,0,0,0,0,0,0,0,0
data,940410,148,19,100000,-3409,1735,382512,15302,raw_ad5933_range4_pga1,0,0,0,0,0,0,0,0,0,0,0
status,940528,148,0,0,0,0,0,0,sweep_end,0,0,0,0,0,0,0,0,0,0,0
status,943605,0,0,0,0,0,0,0,i2c_pc8_pc9_scan_start
status,943768,0,0,0,0,0,0,0,i2c_pc8_pc9_found_0x68
status,943843,0,0,0,0,0,0,0,i2c_pc8_pc9_scan_end_count_1
imu,943927,0,0,0,0,0,0,0,imu_sample,0x68,0x68,-2708,6348,9116,-365,16,412,-2800,0x00,0
status,944027,149,0,0,0,0,0,0,sweep_start_5k_to_100k,0,0,0,0,0,0,0,0,0,0,0
data,944199,149,0,5000,204,3828,383343,8694,raw_ad5933_range4_pga1,0,0,0,0,0,0,0,0,0,0,0
data,944332,149,1,10000,-216,3867,387303,9319,raw_ad5933_range4_pga1,0,0,0,0,0,0,0,0,0,0,0
data,944467,149,2,15000,-503,3853,388569,9743,raw_ad5933_range4_pga1,0,0,0,0,0,0,0,0,0,0,0
data,944603,149,3,20000,-752,3815,388841,10115,raw_ad5933_range4_pga1,0,0,0,0,0,0,0,0,0,0,0
data,944740,149,4,25000,-982,3757,388322,10464,raw_ad5933_range4_pga1,0,0,0,0,0,0,0,0,0,0,0
data,944876,149,5,30000,-1200,3697,388688,10798,raw_ad5933_range4_pga1,0,0,0,0,0,0,0,0,0,0,0
data,945014,149,6,35000,-1414,3619,388543,11134,raw_ad5933_range4_pga1,0,0,0,0,0,0,0,0,0,0,0
data,945152,149,7,40000,-1612,3530,388065,11454,raw_ad5933_range4_pga1,0,0,0,0,0,0,0,0,0,0,0
data,945290,149,8,45000,-1813,3426,387614,11788,raw_ad5933_range4_pga1,0,0,0,0,0,0,0,0,0,0,0
data,945428,149,9,50000,-2004,3323,388051,12109,raw_ad5933_range4_pga1,0,0,0,0,0,0,0,0,0,0,0
data,945565,149,10,55000,-2180,3194,386705,12431,raw_ad5933_range4_pga1,0,0,0,0,0,0,0,0,0,0,0
data,945704,149,11,60000,-2357,3070,387045,12751,raw_ad5933_range4_pga1,0,0,0,0,0,0,0,0,0,0,0
data,945843,149,12,65000,-2527,2931,386995,13076,raw_ad5933_range4_pga1,0,0,0,0,0,0,0,0,0,0,0
data,945982,149,13,70000,-2679,2780,386076,13394,raw_ad5933_range4_pga1,0,0,0,0,0,0,0,0,0,0,0
data,946121,149,14,75000,-2830,2623,385863,13717,raw_ad5933_range4_pga1,0,0,0,0,0,0,0,0,0,0,0
data,946260,149,15,80000,-2960,2455,384560,14032,raw_ad5933_range4_pga1,0,0,0,0,0,0,0,0,0,0,0
data,946399,149,16,85000,-3090,2290,384606,14345,raw_ad5933_range4_pga1,0,0,0,0,0,0,0,0,0,0,0
data,946538,149,17,90000,-3205,2108,383610,14666,raw_ad5933_range4_pga1,0,0,0,0,0,0,0,0,0,0,0
data,946677,149,18,95000,-3318,1924,383548,14989,raw_ad5933_range4_pga1,0,0,0,0,0,0,0,0,0,0,0
data,946816,149,19,100000,-3409,1738,382648,15298,raw_ad5933_range4_pga1,0,0,0,0,0,0,0,0,0,0,0
status,946934,149,0,0,0,0,0,0,sweep_end,0,0,0,0,0,0,0,0,0,0,0
status,950011,0,0,0,0,0,0,0,i2c_pc8_pc9_scan_start
status,950174,0,0,0,0,0,0,0,i2c_pc8_pc9_found_0x68
status,950249,0,0,0,0,0,0,0,i2c_pc8_pc9_scan_end_count_1
imu,950333,0,0,0,0,0,0,0,imu_sample,0x68,0x68,-2800,6412,9012,-343,2,408,-2800,0x00,0
status,950432,150,0,0,0,0,0,0,sweep_start_5k_to_100k,0,0,0,0,0,0,0,0,0,0,0
data,950604,150,0,5000,203,3829,383438,8696,raw_ad5933_range4_pga1,0,0,0,0,0,0,0,0,0,0,0
data,950737,150,1,10000,-214,3863,386892,9317,raw_ad5933_range4_pga1,0,0,0,0,0,0,0,0,0,0,0
data,950872,150,2,15000,-503,3850,388272,9744,raw_ad5933_range4_pga1,0,0,0,0,0,0,0,0,0,0,0
data,951008,150,3,20000,-755,3819,389291,10118,raw_ad5933_range4_pga1,0,0,0,0,0,0,0,0,0,0,0
data,951145,150,4,25000,-983,3758,388444,10465,raw_ad5933_range4_pga1,0,0,0,0,0,0,0,0,0,0,0
data,951281,150,5,30000,-1206,3694,388588,10808,raw_ad5933_range4_pga1,0,0,0,0,0,0,0,0,0,0,0
data,951419,150,6,35000,-1413,3624,388972,11130,raw_ad5933_range4_pga1,0,0,0,0,0,0,0,0,0,0,0
data,951557,150,7,40000,-1615,3533,388463,11456,raw_ad5933_range4_pga1,0,0,0,0,0,0,0,0,0,0,0
data,951695,150,8,45000,-1812,3430,387921,11784,raw_ad5933_range4_pga1,0,0,0,0,0,0,0,0,0,0,0
data,951833,150,9,50000,-2002,3318,387519,12110,raw_ad5933_range4_pga1,0,0,0,0,0,0,0,0,0,0,0
data,951970,150,10,55000,-2185,3199,387399,12433,raw_ad5933_range4_pga1,0,0,0,0,0,0,0,0,0,0,0
data,952109,150,11,60000,-2358,3072,387264,12750,raw_ad5933_range4_pga1,0,0,0,0,0,0,0,0,0,0,0
data,952248,150,12,65000,-2524,2932,386875,13072,raw_ad5933_range4_pga1,0,0,0,0,0,0,0,0,0,0,0
data,952387,150,13,70000,-2678,2778,385862,13394,raw_ad5933_range4_pga1,0,0,0,0,0,0,0,0,0,0,0
data,952526,150,14,75000,-2830,2622,385795,13718,raw_ad5933_range4_pga1,0,0,0,0,0,0,0,0,0,0,0
data,952665,150,15,80000,-2963,2456,384855,14034,raw_ad5933_range4_pga1,0,0,0,0,0,0,0,0,0,0,0
data,952804,150,16,85000,-3089,2290,384526,14344,raw_ad5933_range4_pga1,0,0,0,0,0,0,0,0,0,0,0
data,952943,150,17,90000,-3207,2099,383284,14679,raw_ad5933_range4_pga1,0,0,0,0,0,0,0,0,0,0,0
data,953082,150,18,95000,-3318,1927,383699,14985,raw_ad5933_range4_pga1,0,0,0,0,0,0,0,0,0,0,0
data,953221,150,19,100000,-3408,1736,382468,15300,raw_ad5933_range4_pga1,0,0,0,0,0,0,0,0,0,0,0
status,953339,150,0,0,0,0,0,0,sweep_end,0,0,0,0,0,0,0,0,0,0,0
status,956416,0,0,0,0,0,0,0,i2c_pc8_pc9_scan_start
status,956579,0,0,0,0,0,0,0,i2c_pc8_pc9_found_0x68
status,956654,0,0,0,0,0,0,0,i2c_pc8_pc9_scan_end_count_1
imu,956738,0,0,0,0,0,0,0,imu_sample,0x68,0x68,-2736,6428,8908,-375,9,424,-2816,0x00,0
status,956837,151,0,0,0,0,0,0,sweep_start_5k_to_100k,0,0,0,0,0,0,0,0,0,0,0
data,957009,151,0,5000,209,3829,383470,8687,raw_ad5933_range4_pga1,0,0,0,0,0,0,0,0,0,0,0
data,957142,151,1,10000,-219,3868,387419,9324,raw_ad5933_range4_pga1,0,0,0,0,0,0,0,0,0,0,0
data,957277,151,2,15000,-505,3847,388000,9747,raw_ad5933_range4_pga1,0,0,0,0,0,0,0,0,0,0,0
data,957413,151,3,20000,-761,3813,388820,10128,raw_ad5933_range4_pga1,0,0,0,0,0,0,0,0,0,0,0
data,957550,151,4,25000,-983,3762,388831,10464,raw_ad5933_range4_pga1,0,0,0,0,0,0,0,0,0,0,0
data,957686,151,5,30000,-1203,3695,388590,10803,raw_ad5933_range4_pga1,0,0,0,0,0,0,0,0,0,0,0
data,957824,151,6,35000,-1414,3614,388077,11136,raw_ad5933_range4_pga1,0,0,0,0,0,0,0,0,0,0,0
data,957962,151,7,40000,-1617,3535,388728,11458,raw_ad5933_range4_pga1,0,0,0,0,0,0,0,0,0,0,0
data,958100,151,8,45000,-1814,3431,388103,11786,raw_ad5933_range4_pga1,0,0,0,0,0,0,0,0,0,0,0
data,958238,151,9,50000,-2004,3318,387623,12113,raw_ad5933_range4_pga1,0,0,0,0,0,0,0,0,0,0,0
data,958375,151,10,55000,-2188,3201,387734,12435,raw_ad5933_range4_pga1,0,0,0,0,0,0,0,0,0,0,0
data,958514,151,11,60000,-2357,3068,386886,12753,raw_ad5933_range4_pga1,0,0,0,0,0,0,0,0,0,0,0
data,958653,151,12,65000,-2520,2927,386235,13072,raw_ad5933_range4_pga1,0,0,0,0,0,0,0,0,0,0,0
data,958792,151,13,70000,-2683,2777,386138,13401,raw_ad5933_range4_pga1,0,0,0,0,0,0,0,0,0,0,0
data,958931,151,14,75000,-2827,2621,385507,13716,raw_ad5933_range4_pga1,0,0,0,0,0,0,0,0,0,0,0
data,959070,151,15,80000,-2965,2460,385264,14031,raw_ad5933_range4_pga1,0,0,0,0,0,0,0,0,0,0,0
data,959209,151,16,85000,-3090,2289,384547,14346,raw_ad5933_range4_pga1,0,0,0,0,0,0,0,0,0,0,0
data,959348,151,17,90000,-3209,2111,384109,14666,raw_ad5933_range4_pga1,0,0,0,0,0,0,0,0,0,0,0
data,959487,151,18,95000,-3320,1921,383571,14994,raw_ad5933_range4_pga1,0,0,0,0,0,0,0,0,0,0,0
data,959626,151,19,100000,-3413,1734,382823,15306,raw_ad5933_range4_pga1,0,0,0,0,0,0,0,0,0,0,0
status,959744,151,0,0,0,0,0,0,sweep_end,0,0,0,0,0,0,0,0,0,0,0
status,962822,0,0,0,0,0,0,0,i2c_pc8_pc9_scan_start
status,962985,0,0,0,0,0,0,0,i2c_pc8_pc9_found_0x68
status,963060,0,0,0,0,0,0,0,i2c_pc8_pc9_scan_end_count_1
imu,963144,0,0,0,0,0,0,0,imu_sample,0x68,0x68,-2684,6308,8900,-373,13,433,-2752,0x00,0
status,963244,152,0,0,0,0,0,0,sweep_start_5k_to_100k,0,0,0,0,0,0,0,0,0,0,0
data,963416,152,0,5000,211,3828,383381,8684,raw_ad5933_range4_pga1,0,0,0,0,0,0,0,0,0,0,0
data,963549,152,1,10000,-220,3868,387425,9325,raw_ad5933_range4_pga1,0,0,0,0,0,0,0,0,0,0,0
data,963684,152,2,15000,-501,3847,387949,9741,raw_ad5933_range4_pga1,0,0,0,0,0,0,0,0,0,0,0
data,963820,152,3,20000,-751,3817,389018,10113,raw_ad5933_range4_pga1,0,0,0,0,0,0,0,0,0,0,0
data,963957,152,4,25000,-986,3761,388810,10469,raw_ad5933_range4_pga1,0,0,0,0,0,0,0,0,0,0,0
data,964093,152,5,30000,-1208,3694,388650,10810,raw_ad5933_range4_pga1,0,0,0,0,0,0,0,0,0,0,0
data,964231,152,6,35000,-1418,3618,388596,11140,raw_ad5933_range4_pga1,0,0,0,0,0,0,0,0,0,0,0
data,964369,152,7,40000,-1618,3531,388406,11461,raw_ad5933_range4_pga1,0,0,0,0,0,0,0,0,0,0,0
data,964507,152,8,45000,-1811,3433,388139,11781,raw_ad5933_range4_pga1,0,0,0,0,0,0,0,0,0,0,0
data,964645,152,9,50000,-2002,3316,387348,12112,raw_ad5933_range4_pga1,0,0,0,0,0,0,0,0,0,0,0
data,964782,152,10,55000,-2183,3200,387369,12430,raw_ad5933_range4_pga1,0,0,0,0,0,0,0,0,0,0,0
data,964921,152,11,60000,-2357,3071,387124,12750,raw_ad5933_range4_pga1,0,0,0,0,0,0,0,0,0,0,0
data,965060,152,12,65000,-2521,2929,386452,13071,raw_ad5933_range4_pga1,0,0,0,0,0,0,0,0,0,0,0
data,965199,152,13,70000,-2676,2780,385868,13390,raw_ad5933_range4_pga1,0,0,0,0,0,0,0,0,0,0,0
data,965338,152,14,75000,-2825,2622,385428,13713,raw_ad5933_range4_pga1,0,0,0,0,0,0,0,0,0,0,0
data,965477,152,15,80000,-2960,2458,384751,14029,raw_ad5933_range4_pga1,0,0,0,0,0,0,0,0,0,0,0
data,965616,152,16,85000,-3089,2287,384347,14348,raw_ad5933_range4_pga1,0,0,0,0,0,0,0,0,0,0,0
data,965755,152,17,90000,-3207,2109,383832,14667,raw_ad5933_range4_pga1,0,0,0,0,0,0,0,0,0,0,0
data,965894,152,18,95000,-3313,1921,382965,14989,raw_ad5933_range4_pga1,0,0,0,0,0,0,0,0,0,0,0
data,966033,152,19,100000,-3411,1731,382509,15309,raw_ad5933_range4_pga1,0,0,0,0,0,0,0,0,0,0,0
# automatic_capture_complete,complete_sweeps=30,finished=2026-08-25 17:40:16
