# automatic_capture,target_complete_sweeps=30,port=COM5,baud=115200,started=2026-08-25 17:31:46
,0,0
data,447731,71,9,50000,-1650,3456,382968,11552,raw_ad5933_range4_pga1,0,0,0,0,0,0,0,0,0,0,0
data,447868,71,10,55000,-1868,3337,382426,11923,raw_ad5933_range4_pga1,0,0,0,0,0,0,0,0,0,0,0
data,448006,71,11,60000,-2076,3217,382869,12283,raw_ad5933_range4_pga1,0,0,0,0,0,0,0,0,0,0,0
data,448143,71,12,65000,-2272,3088,383376,12634,raw_ad5933_range4_pga1,0,0,0,0,0,0,0,0,0,0,0
data,448281,71,13,70000,-2452,2938,382677,12984,raw_ad5933_range4_pga1,0,0,0,0,0,0,0,0,0,0,0
data,448419,71,14,75000,-2625,2780,382348,13335,raw_ad5933_range4_pga1,0,0,0,0,0,0,0,0,0,0,0
data,44data,448832,71,17,90000,-3066,2279,382024,14337,raw_ad5933_range4_pga1,0,0,0,0,0,0,0,0,0,0,0
data,448970,71,18,95000,-3191,2084,381124,14685,raw_ad5933_range4_pga1,0,0,0,0,0,0,0,0,0,0,0
data,449108,71,19,100000,-3300,1901,380839,15005,raw_ad5933_range4_pga1,0,0,0,0,0,0,0,0,0,0,0
status,449225,71,0,0,0,0,0,0,sweep_end,0,0,0,0,0,0,0,0,0,0,0
status,452301,0,0,0,0,0,0,0,i2c_pc8_pc9_scan_start
status,452464,0,0,0,0,0,0,0,i2c_pc8_pc9_found_0x68
status,452539,0,0,0,0,0,0,0,i2c_pc8_pc9_scan_end_count_1
imu,452623,0,0,0,0,0,0,0,imu_sample,0x68,0x68,-2740,6364,8972,-370,-6,420,-2960,0x00,0
status,452723,72,0,0,0,0,0,0,sweep_start_5k_to_100k,0,0,0,0,0,0,0,0,0,0,0
data,452894,72,0,5000,910,2147,233189,6703,raw_ad5933_range4_pga1,0,0,0,0,0,0,0,0,0,0,0
data,453026,72,1,10000,850,2949,306906,7392,raw_ad5933_range4_pga1,0,0,0,0,0,0,0,0,0,0,0
data,453159,72,2,15000,481,3390,342395,8192,raw_ad5933_range4_pga1,0,0,0,0,0,0,0,0,0,0,0
data,453292,72,3,20000,91,3603,360415,8855,raw_ad5933_range4_pga1,0,0,0,0,0,0,0,0,0,0,0
data,453425,72,4,25000,-267,3681,369067,9414,raw_ad5933_range4_pga1,0,0,0,0,0,0,0,0,0,0,0
data,453559,72,5,30000,-592,3693,374015,9910,raw_ad5933_range4_pga1,0,0,0,0,0,0,0,0,0,0,0
data,453693,72,6,35000,-885,3667,377228,10356,raw_ad5933_range4_pga1,0,0,0,0,0,0,0,0,0,0,0
data,453829,72,7,40000,-1157,3615,379564,10774,raw_ad5933_range4_pga1,0,0,0,0,0,0,0,0,0,0,0
data,453966,72,8,45000,-1405,3539,380770,11165,raw_ad5933_range4_pga1,0,0,0,0,0,0,0,0,0,0,0
data,454102,72,9,50000,-1644,3446,381807,11550,raw_ad5933_range4_pga1,0,0,0,0,0,0,0,0,0,0,0
data,454239,72,10,55000,-1870,3339,382699,11925,raw_ad5933_range4_pga1,0,0,0,0,0,0,0,0,0,0,0
data,454377,72,11,60000,-2073,3218,382790,12278,raw_ad5933_range4_pga1,0,0,0,0,0,0,0,0,0,0,0
data,454514,72,12,65000,-2272,3083,382974,12638,raw_ad5933_range4_pga1,0,0,0,0,0,0,0,0,0,0,0
data,454652,72,13,70000,-2458,2941,383292,12988,raw_ad5933_range4_pga1,0,0,0,0,0,0,0,0,0,0,0
data,454790,72,14,75000,-2623,2782,382357,13331,raw_ad5933_range4_pga1,0,0,0,0,0,0,0,0,0,0,0
data,454928,72,15,80000,-2785,2624,382643,13670,raw_ad5933_range4_pga1,0,0,0,0,0,0,0,0,0,0,0
data,455066,72,16,85000,-2932,2453,382280,14008,raw_ad5933_range4_pga1,0,0,0,0,0,0,0,0,0,0,0
data,455204,72,17,90000,-3069,2271,381788,14349,raw_ad5933_range4_pga1,0,0,0,0,0,0,0,0,0,0,0
data,455341,72,18,95000,-3193,2088,381510,14681,raw_ad5933_range4_pga1,0,0,0,0,0,0,0,0,0,0,0
data,455479,72,19,100000,-3301,1900,380875,15007,raw_ad5933_range4_pga1,0,0,0,0,0,0,0,0,0,0,0
status,455596,72,0,0,0,0,0,0,sweep_end,0,0,0,0,0,0,0,0,0,0,0
status,458672,0,0,0,0,0,0,0,i2c_pc8_pc9_scan_start
status,458835,0,0,0,0,0,0,0,i2c_pc8_pc9_found_0x68
status,458910,0,0,0,0,0,0,0,i2c_pc8_pc9_scan_end_count_1
imu,458994,0,0,0,0,0,0,0,imu_sample,0x68,0x68,-2784,6380,9024,-374,12,416,-2928,0x00,0
status,459094,73,0,0,0,0,0,0,sweep_start_5k_to_100k,0,0,0,0,0,0,0,0,0,0,0
data,459265,73,0,5000,909,2147,233150,6705,raw_ad5933_range4_pga1,0,0,0,0,0,0,0,0,0,0,0
data,459397,73,1,10000,851,2951,307125,7391,raw_ad5933_range4_pga1,0,0,0,0,0,0,0,0,0,0,0
data,459530,73,2,15000,483,3390,342424,8189,raw_ad5933_range4_pga1,0,0,0,0,0,0,0,0,0,0,0
data,459663,73,3,20000,84,3598,359898,8866,raw_ad5933_range4_pga1,0,0,0,0,0,0,0,0,0,0,0
data,459796,73,4,25000,-269,3678,368782,9418,raw_ad5933_range4_pga1,0,0,0,0,0,0,0,0,0,0,0
data,459930,73,5,30000,-591,3697,374394,9908,raw_ad5933_range4_pga1,0,0,0,0,0,0,0,0,0,0,0
data,460064,73,6,35000,-886,3670,377543,10357,raw_ad5933_range4_pga1,0,0,0,0,0,0,0,0,0,0,0
data,460200,73,7,40000,-1153,3618,379728,10767,raw_ad5933_range4_pga1,0,0,0,0,0,0,0,0,0,0,0
data,460336,73,8,45000,-1407,3533,380286,11171,raw_ad5933_range4_pga1,0,0,0,0,0,0,0,0,0,0,0
data,460473,73,9,50000,-1638,3448,381730,11541,raw_ad5933_range4_pga1,0,0,0,0,0,0,0,0,0,0,0
data,460610,73,10,55000,-1866,3341,382678,11918,raw_ad5933_range4_pga1,0,0,0,0,0,0,0,0,0,0,0
data,460748,73,11,60000,-2073,3220,382959,12277,raw_ad5933_range4_pga1,0,0,0,0,0,0,0,0,0,0,0
data,460885,73,12,65000,-2267,3083,382677,12632,raw_ad5933_range4_pga1,0,0,0,0,0,0,0,0,0,0,0
data,461023,73,13,70000,-2453,2940,382894,12984,raw_ad5933_range4_pga1,0,0,0,0,0,0,0,0,0,0,0
data,461161,73,14,75000,-2627,2783,382704,13334,raw_ad5933_range4_pga1,0,0,0,0,0,0,0,0,0,0,0
data,461299,73,15,80000,-2787,2626,382926,13670,raw_ad5933_range4_pga1,0,0,0,0,0,0,0,0,0,0,0
data,461437,73,16,85000,-2932,2453,382280,14008,raw_ad5933_range4_pga1,0,0,0,0,0,0,0,0,0,0,0
data,461574,73,17,90000,-3067,2270,381568,14349,raw_ad5933_range4_pga1,0,0,0,0,0,0,0,0,0,0,0
data,461712,73,18,95000,-3193,2092,381729,14676,raw_ad5933_range4_pga1,0,0,0,0,0,0,0,0,0,0,0
data,461850,73,19,100000,-3299,1895,380453,15012,raw_ad5933_range4_pga1,0,0,0,0,0,0,0,0,0,0,0
status,461967,73,0,0,0,0,0,0,sweep_end,0,0,0,0,0,0,0,0,0,0,0
status,465043,0,0,0,0,0,0,0,i2c_pc8_pc9_scan_start
status,465206,0,0,0,0,0,0,0,i2c_pc8_pc9_found_0x68
status,465281,0,0,0,0,0,0,0,i2c_pc8_pc9_scan_end_count_1
imu,465365,0,0,0,0,0,0,0,imu_sample,0x68,0x68,-2660,6384,8920,-369,19,419,-2944,0x00,0
status,465465,74,0,0,0,0,0,0,sweep_start_5k_to_100k,0,0,0,0,0,0,0,0,0,0,0
data,465636,74,0,5000,910,2145,233005,6701,raw_ad5933_range4_pga1,0,0,0,0,0,0,0,0,0,0,0
data,465768,74,1,10000,857,2946,306812,7378,raw_ad5933_range4_pga1,0,0,0,0,0,0,0,0,0,0,0
data,465901,74,2,15000,480,3384,341787,8192,raw_ad5933_range4_pga1,0,0,0,0,0,0,0,0,0,0,0
data,466034,74,3,20000,87,3604,360505,8861,raw_ad5933_range4_pga1,0,0,0,0,0,0,0,0,0,0,0
data,466167,74,4,25000,-267,3682,369167,9414,raw_ad5933_range4_pga1,0,0,0,0,0,0,0,0,0,0,0
data,466301,74,5,30000,-587,3692,373837,9903,raw_ad5933_range4_pga1,0,0,0,0,0,0,0,0,0,0,0
data,466435,74,6,35000,-883,3670,377473,10352,raw_ad5933_range4_pga1,0,0,0,0,0,0,0,0,0,0,0
data,466571,74,7,40000,-1153,3619,379823,10767,raw_ad5933_range4_pga1,0,0,0,0,0,0,0,0,0,0,0
data,466707,74,8,45000,-1410,3546,381605,11168,raw_ad5933_range4_pga1,0,0,0,0,0,0,0,0,0,0,0
data,466844,74,9,50000,-1643,3453,382396,11544,raw_ad5933_range4_pga1,0,0,0,0,0,0,0,0,0,0,0
data,466981,74,10,55000,-1869,3339,382650,11923,raw_ad5933_range4_pga1,0,0,0,0,0,0,0,0,0,0,0
data,467119,74,11,60000,-2074,3215,382592,12282,raw_ad5933_range4_pga1,0,0,0,0,0,0,0,0,0,0,0
data,467256,74,12,65000,-2268,3092,383462,12626,raw_ad5933_range4_pga1,0,0,0,0,0,0,0,0,0,0,0
data,467394,74,13,70000,-2457,2941,383228,12987,raw_ad5933_range4_pga1,0,0,0,0,0,0,0,0,0,0,0
data,467532,74,14,75000,-2624,2783,382498,13331,raw_ad5933_range4_pga1,0,0,0,0,0,0,0,0,0,0,0
data,467670,74,15,80000,-2786,2623,382648,13672,raw_ad5933_range4_pga1,0,0,0,0,0,0,0,0,0,0,0
data,467808,74,16,85000,-2933,2451,382229,14011,raw_ad5933_range4_pga1,0,0,0,0,0,0,0,0,0,0,0
data,467946,74,17,90000,-3073,2279,382586,14343,raw_ad5933_range4_pga1,0,0,0,0,0,0,0,0,0,0,0
data,468083,74,18,95000,-3195,2089,381732,14682,raw_ad5933_range4_pga1,0,0,0,0,0,0,0,0,0,0,0
data,468221,74,19,100000,-3302,1902,381062,15005,raw_ad5933_range4_pga1,0,0,0,0,0,0,0,0,0,0,0
status,468338,74,0,0,0,0,0,0,sweep_end,0,0,0,0,0,0,0,0,0,0,0
status,471414,0,0,0,0,0,0,0,i2c_pc8_pc9_scan_start
status,471577,0,0,0,0,0,0,0,i2c_pc8_pc9_found_0x68
status,471652,0,0,0,0,0,0,0,i2c_pc8_pc9_scan_end_count_1
imu,471736,0,0,0,0,0,0,0,imu_sample,0x68,0x68,-2748,6328,8952,-365,14,414,-2896,0x00,0
status,471836,75,0,0,0,0,0,0,sweep_start_5k_to_100k,0,0,0,0,0,0,0,0,0,0,0
data,472007,75,0,5000,911,2146,233136,6699,raw_ad5933_range4_pga1,0,0,0,0,0,0,0,0,0,0,0
data,472139,75,1,10000,851,2947,306741,7389,raw_ad5933_range4_pga1,0,0,0,0,0,0,0,0,0,0,0
data,472272,75,2,15000,482,3387,342112,8190,raw_ad5933_range4_pga1,0,0,0,0,0,0,0,0,0,0,0
data,472405,75,3,20000,89,3599,360010,8858,raw_ad5933_range4_pga1,0,0,0,0,0,0,0,0,0,0,0
data,472537,75,4,25000,-269,3678,368782,9418,raw_ad5933_range4_pga1,0,0,0,0,0,0,0,0,0,0,0
data,472672,75,5,30000,-588,3698,374446,9903,raw_ad5933_range4_pga1,0,0,0,0,0,0,0,0,0,0,0
data,472806,75,6,35000,-886,3669,377446,10357,raw_ad5933_range4_pga1,0,0,0,0,0,0,0,0,0,0,0
data,472942,75,7,40000,-1156,3615,379533,10773,raw_ad5933_range4_pga1,0,0,0,0,0,0,0,0,0,0,0
data,473078,75,8,45000,-1406,3535,380435,11168,raw_ad5933_range4_pga1,0,0,0,0,0,0,0,0,0,0,0
data,473215,75,9,50000,-1644,3446,381807,11550,raw_ad5933_range4_pga1,0,0,0,0,0,0,0,0,0,0,0
data,473352,75,10,55000,-1867,3339,382552,11921,raw_ad5933_range4_pga1,0,0,0,0,0,0,0,0,0,0,0
data,473490,75,11,60000,-2073,3217,382706,12279,raw_ad5933_range4_pga1,0,0,0,0,0,0,0,0,0,0,0
data,473627,75,12,65000,-2273,3085,383194,12638,raw_ad5933_range4_pga1,0,0,0,0,0,0,0,0,0,0,0
data,473765,75,13,70000,-2458,2938,383061,12991,raw_ad5933_range4_pga1,0,0,0,0,0,0,0,0,0,0,0
data,473903,75,14,75000,-2631,2782,382906,13340,raw_ad5933_range4_pga1,0,0,0,0,0,0,0,0,0,0,0
data,474041,75,15,80000,-2785,2621,382438,13673,raw_ad5933_range4_pga1,0,0,0,0,0,0,0,0,0,0,0
data,474179,75,16,85000,-2931,2453,382204,14007,raw_ad5933_range4_pga1,0,0,0,0,0,0,0,0,0,0,0
data,474316,75,17,90000,-3065,2272,381526,14345,raw_ad5933_range4_pga1,0,0,0,0,0,0,0,0,0,0,0
data,474454,75,18,95000,-3194,2086,381484,14685,raw_ad5933_range4_pga1,0,0,0,0,0,0,0,0,0,0,0
data,474592,75,19,100000,-3303,1898,380949,15011,raw_ad5933_range4_pga1,0,0,0,0,0,0,0,0,0,0,0
status,474709,75,0,0,0,0,0,0,sweep_end,0,0,0,0,0,0,0,0,0,0,0
status,477785,0,0,0,0,0,0,0,i2c_pc8_pc9_scan_start
status,477948,0,0,0,0,0,0,0,i2c_pc8_pc9_found_0x68
status,478023,0,0,0,0,0,0,0,i2c_pc8_pc9_scan_end_count_1
imu,478107,0,0,0,0,0,0,0,imu_sample,0x68,0x68,-2672,6260,8916,-351,9,426,-2928,0x00,0
status,478206,76,0,0,0,0,0,0,sweep_start_5k_to_100k,0,0,0,0,0,0,0,0,0,0,0
data,478377,76,0,5000,910,2147,233189,6703,raw_ad5933_range4_pga1,0,0,0,0,0,0,0,0,0,0,0
data,478509,76,1,10000,852,2946,306673,7386,raw_ad5933_range4_pga1,0,0,0,0,0,0,0,0,0,0,0
data,478642,76,2,15000,482,3387,342112,8190,raw_ad5933_range4_pga1,0,0,0,0,0,0,0,0,0,0,0
data,478775,76,3,20000,88,3598,359908,8859,raw_ad5933_range4_pga1,0,0,0,0,0,0,0,0,0,0,0
data,478908,76,4,25000,-269,3678,368782,9418,raw_ad5933_range4_pga1,0,0,0,0,0,0,0,0,0,0,0
data,479042,76,5,30000,-593,3697,374426,9911,raw_ad5933_range4_pga1,0,0,0,0,0,0,0,0,0,0,0
data,479176,76,6,35000,-888,3670,377590,10360,raw_ad5933_range4_pga1,0,0,0,0,0,0,0,0,0,0,0
data,479312,76,7,40000,-1154,3616,379568,10769,raw_ad5933_range4_pga1,0,0,0,0,0,0,0,0,0,0,0
data,479449,76,8,45000,-1410,3541,381140,11171,raw_ad5933_range4_pga1,0,0,0,0,0,0,0,0,0,0,0
data,479585,76,9,50000,-1643,3447,381854,11548,raw_ad5933_range4_pga1,0,0,0,0,0,0,0,0,0,0,0
data,479722,76,10,55000,-1864,3333,381882,11921,raw_ad5933_range4_pga1,0,0,0,0,0,0,0,0,0,0,0
data,479860,76,11,60000,-2074,3212,382340,12285,raw_ad5933_range4_pga1,0,0,0,0,0,0,0,0,0,0,0
data,479997,76,12,65000,-2271,3086,383156,12634,raw_ad5933_range4_pga1,0,0,0,0,0,0,0,0,0,0,0
data,480135,76,13,70000,-2452,2940,382830,12982,raw_ad5933_range4_pga1,0,0,0,0,0,0,0,0,0,0,0
data,480273,76,14,75000,-2623,2787,382721,13326,raw_ad5933_range4_pga1,0,0,0,0,0,0,0,0,0,0,0
data,480411,76,15,80000,-2782,2618,382014,13673,raw_ad5933_range4_pga1,0,0,0,0,0,0,0,0,0,0,0
data,480549,76,16,85000,-2930,2450,381935,14009,raw_ad5933_range4_pga1,0,0,0,0,0,0,0,0,0,0,0
data,480687,76,17,90000,-3064,2271,381386,14345,raw_ad5933_range4_pga1,0,0,0,0,0,0,0,0,0,0,0
data,480824,76,18,95000,-3192,2093,381700,14674,raw_ad5933_range4_pga1,0,0,0,0,0,0,0,0,0,0,0
data,480962,76,19,100000,-3299,1901,380752,15004,raw_ad5933_range4_pga1,0,0,0,0,0,0,0,0,0,0,0
status,481079,76,0,0,0,0,0,0,sweep_end,0,0,0,0,0,0,0,0,0,0,0
status,484155,0,0,0,0,0,0,0,i2c_pc8_pc9_scan_start
status,484318,0,0,0,0,0,0,0,i2c_pc8_pc9_found_0x68
status,484393,0,0,0,0,0,0,0,i2c_pc8_pc9_scan_end_count_1
imu,484477,0,0,0,0,0,0,0,imu_sample,0x68,0x68,-2816,6368,8888,-336,0,422,-2896,0x00,0
status,484576,77,0,0,0,0,0,0,sweep_start_5k_to_100k,0,0,0,0,0,0,0,0,0,0,0
data,484747,77,0,5000,907,2148,233164,6710,raw_ad5933_range4_pga1,0,0,0,0,0,0,0,0,0,0,0
data,484879,77,1,10000,853,2947,306797,7385,raw_ad5933_range4_pga1,0,0,0,0,0,0,0,0,0,0,0
data,485012,77,2,15000,479,3383,341674,8194,raw_ad5933_range4_pga1,0,0,0,0,0,0,0,0,0,0,0
data,485145,77,3,20000,88,3599,360008,8859,raw_ad5933_range4_pga1,0,0,0,0,0,0,0,0,0,0,0
data,485277,77,4,25000,-271,3678,368797,9421,raw_ad5933_range4_pga1,0,0,0,0,0,0,0,0,0,0,0
data,485412,77,5,30000,-591,3696,374295,9908,raw_ad5933_range4_pga1,0,0,0,0,0,0,0,0,0,0,0
data,485546,77,6,35000,-887,3668,377372,10359,raw_ad5933_range4_pga1,0,0,0,0,0,0,0,0,0,0,0
data,485682,77,7,40000,-1156,3621,380105,10770,raw_ad5933_range4_pga1,0,0,0,0,0,0,0,0,0,0,0
data,485818,77,8,45000,-1408,3537,380695,11170,raw_ad5933_range4_pga1,0,0,0,0,0,0,0,0,0,0,0
data,485955,77,9,50000,-1641,3449,381949,11544,raw_ad5933_range4_pga1,0,0,0,0,0,0,0,0,0,0,0
data,486092,77,10,55000,-1867,3334,382116,11924,raw_ad5933_range4_pga1,0,0,0,0,0,0,0,0,0,0,0
data,486230,77,11,60000,-2076,3217,382869,12283,raw_ad5933_range4_pga1,0,0,0,0,0,0,0,0,0,0,0
data,486367,77,12,65000,-2272,3085,383135,12637,raw_ad5933_range4_pga1,0,0,0,0,0,0,0,0,0,0,0
data,486505,77,13,70000,-2450,2939,382625,12981,raw_ad5933_range4_pga1,0,0,0,0,0,0,0,0,0,0,0
data,486643,77,14,75000,-2624,2783,382498,13331,raw_ad5933_range4_pga1,0,0,0,0,0,0,0,0,0,0,0
data,486781,77,15,80000,-2785,2629,382987,13665,raw_ad5933_range4_pga1,0,0,0,0,0,0,0,0,0,0,0
data,486919,77,16,85000,-2930,2451,381999,14008,raw_ad5933_range4_pga1,0,0,0,0,0,0,0,0,0,0,0
data,487056,77,17,90000,-3065,2273,381586,14343,raw_ad5933_range4_pga1,0,0,0,0,0,0,0,0,0,0,0
data,487194,77,18,95000,-3191,2088,381343,14680,raw_ad5933_range4_pga1,0,0,0,0,0,0,0,0,0,0,0
data,487332,77,19,100000,-3299,1897,380552,15010,raw_ad5933_range4_pga1,0,0,0,0,0,0,0,0,0,0,0
status,487449,77,0,0,0,0,0,0,sweep_end,0,0,0,0,0,0,0,0,0,0,0
status,490525,0,0,0,0,0,0,0,i2c_pc8_pc9_scan_start
status,490688,0,0,0,0,0,0,0,i2c_pc8_pc9_found_0x68
status,490763,0,0,0,0,0,0,0,i2c_pc8_pc9_scan_end_count_1
imu,490847,0,0,0,0,0,0,0,imu_sample,0x68,0x68,-2776,6248,8772,-352,19,423,-2896,0x00,0
status,490947,78,0,0,0,0,0,0,sweep_start_5k_to_100k,0,0,0,0,0,0,0,0,0,0,0
data,491118,78,0,5000,911,2148,233320,6701,raw_ad5933_range4_pga1,0,0,0,0,0,0,0,0,0,0,0
data,491250,78,1,10000,850,2950,307002,7392,raw_ad5933_range4_pga1,0,0,0,0,0,0,0,0,0,0,0
data,491383,78,2,15000,481,3393,342692,8193,raw_ad5933_range4_pga1,0,0,0,0,0,0,0,0,0,0,0
data,491516,78,3,20000,84,3602,360298,8866,raw_ad5933_range4_pga1,0,0,0,0,0,0,0,0,0,0,0
data,491649,78,4,25000,-266,3677,368661,9413,raw_ad5933_range4_pga1,0,0,0,0,0,0,0,0,0,0,0
data,491783,78,5,30000,-591,3696,374295,9908,raw_ad5933_range4_pga1,0,0,0,0,0,0,0,0,0,0,0
data,491917,78,6,35000,-887,3673,377858,10357,raw_ad5933_range4_pga1,0,0,0,0,0,0,0,0,0,0,0
data,492053,78,7,40000,-1159,3618,379911,10776,raw_ad5933_range4_pga1,0,0,0,0,0,0,0,0,0,0,0
data,492189,78,8,45000,-1409,3535,380546,11173,raw_ad5933_range4_pga1,0,0,0,0,0,0,0,0,0,0,0
data,492326,78,9,50000,-1642,3449,381992,11545,raw_ad5933_range4_pga1,0,0,0,0,0,0,0,0,0,0,0
data,492463,78,10,55000,-1863,3338,382270,11916,raw_ad5933_range4_pga1,0,0,0,0,0,0,0,0,0,0,0
data,492601,78,11,60000,-2075,3217,382815,12282,raw_ad5933_range4_pga1,0,0,0,0,0,0,0,0,0,0,0
data,492738,78,12,65000,-2273,3083,383033,12640,raw_ad5933_range4_pga1,0,0,0,0,0,0,0,0,0,0,0
data,492876,78,13,70000,-2450,2941,382779,12979,raw_ad5933_range4_pga1,0,0,0,0,0,0,0,0,0,0,0
data,493014,78,14,75000,-2623,2785,382575,13328,raw_ad5933_range4_pga1,0,0,0,0,0,0,0,0,0,0,0
data,493152,78,15,80000,-2785,2617,382164,13678,raw_ad5933_range4_pga1,0,0,0,0,0,0,0,0,0,0,0
data,493290,78,16,85000,-2930,2454,382191,14005,raw_ad5933_range4_pga1,0,0,0,0,0,0,0,0,0,0,0
data,493427,78,17,90000,-3068,2268,381529,14352,raw_ad5933_range4_pga1,0,0,0,0,0,0,0,0,0,0,0
data,493565,78,18,95000,-3192,2089,381481,14679,raw_ad5933_range4_pga1,0,0,0,0,0,0,0,0,0,0,0
data,493703,78,19,100000,-3299,1899,380652,15007,raw_ad5933_range4_pga1,0,0,0,0,0,0,0,0,0,0,0
status,493820,78,0,0,0,0,0,0,sweep_end,0,0,0,0,0,0,0,0,0,0,0
status,496896,0,0,0,0,0,0,0,i2c_pc8_pc9_scan_start
status,497059,0,0,0,0,0,0,0,i2c_pc8_pc9_found_0x68
status,497134,0,0,0,0,0,0,0,i2c_pc8_pc9_scan_end_count_1
imu,497218,0,0,0,0,0,0,0,imu_sample,0x68,0x68,-2740,6416,8932,-351,9,422,-2896,0x00,0
status,497317,79,0,0,0,0,0,0,sweep_start_5k_to_100k,0,0,0,0,0,0,0,0,0,0,0
data,497488,79,0,5000,912,2146,233175,6697,raw_ad5933_range4_pga1,0,0,0,0,0,0,0,0,0,0,0
data,497620,79,1,10000,852,2948,306865,7388,raw_ad5933_range4_pga1,0,0,0,0,0,0,0,0,0,0,0
data,497753,79,2,15000,483,3387,342127,8188,raw_ad5933_range4_pga1,0,0,0,0,0,0,0,0,0,0,0
data,497886,79,3,20000,83,3597,359796,8867,raw_ad5933_range4_pga1,0,0,0,0,0,0,0,0,0,0,0
data,498019,79,4,25000,-269,3677,368683,9418,raw_ad5933_range4_pga1,0,0,0,0,0,0,0,0,0,0,0
data,498153,79,5,30000,-594,3693,374047,9913,raw_ad5933_range4_pga1,0,0,0,0,0,0,0,0,0,0,0
data,498287,79,6,35000,-886,3674,377932,10355,raw_ad5933_range4_pga1,0,0,0,0,0,0,0,0,0,0,0
data,498423,79,7,40000,-1153,3618,379728,10767,raw_ad5933_range4_pga1,0,0,0,0,0,0,0,0,0,0,0
data,498559,79,8,45000,-1406,3539,380806,11166,raw_ad5933_range4_pga1,0,0,0,0,0,0,0,0,0,0,0
data,498696,79,9,50000,-1648,3450,382340,11553,raw_ad5933_range4_pga1,0,0,0,0,0,0,0,0,0,0,0
data,498833,79,10,55000,-1864,3341,382580,11915,raw_ad5933_range4_pga1,0,0,0,0,0,0,0,0,0,0,0
data,498971,79,11,60000,-2078,3218,383061,12285,raw_ad5933_range4_pga1,0,0,0,0,0,0,0,0,0,0,0
data,499108,79,12,65000,-2269,3084,382876,12634,raw_ad5933_range4_pga1,0,0,0,0,0,0,0,0,0,0,0
data,499246,79,13,70000,-2452,2943,383061,12979,raw_ad5933_range4_pga1,0,0,0,0,0,0,0,0,0,0,0
data,499384,79,14,75000,-2625,2786,382785,13329,raw_ad5933_range4_pga1,0,0,0,0,0,0,0,0,0,0,0
data,499522,79,15,80000,-2784,2624,382571,13669,raw_ad5933_range4_pga1,0,0,0,0,0,0,0,0,0,0,0
data,499660,79,16,85000,-2937,2452,382600,14014,raw_ad5933_range4_pga1,0,0,0,0,0,0,0,0,0,0,0
data,499797,79,17,90000,-3068,2280,382244,14338,raw_ad5933_range4_pga1,0,0,0,0,0,0,0,0,0,0,0
data,499935,79,18,95000,-3187,2088,381008,14676,raw_ad5933_range4_pga1,0,0,0,0,0,0,0,0,0,0,0
data,500073,79,19,100000,-3298,1902,380715,15002,raw_ad5933_range4_pga1,0,0,0,0,0,0,0,0,0,0,0
status,500190,79,0,0,0,0,0,0,sweep_end,0,0,0,0,0,0,0,0,0,0,0
status,503266,0,0,0,0,0,0,0,i2c_pc8_pc9_scan_start
status,503429,0,0,0,0,0,0,0,i2c_pc8_pc9_found_0x68
status,503504,0,0,0,0,0,0,0,i2c_pc8_pc9_scan_end_count_1
imu,503588,0,0,0,0,0,0,0,imu_sample,0x68,0x68,-2780,6308,9060,-340,-7,408,-2912,0x00,0
status,503688,80,0,0,0,0,0,0,sweep_start_5k_to_100k,0,0,0,0,0,0,0,0,0,0,0
data,503859,80,0,5000,911,2147,233228,6700,raw_ad5933_range4_pga1,0,0,0,0,0,0,0,0,0,0,0
data,503991,80,1,10000,847,2945,306438,7395,raw_ad5933_range4_pga1,0,0,0,0,0,0,0,0,0,0,0
data,504124,80,2,15000,481,3389,342296,8192,raw_ad5933_range4_pga1,0,0,0,0,0,0,0,0,0,0,0
data,504257,80,3,20000,87,3599,360005,8861,raw_ad5933_range4_pga1,0,0,0,0,0,0,0,0,0,0,0
data,504389,80,4,25000,-270,3676,368590,9420,raw_ad5933_range4_pga1,0,0,0,0,0,0,0,0,0,0,0
data,504524,80,5,30000,-592,3695,374212,9910,raw_ad5933_range4_pga1,0,0,0,0,0,0,0,0,0,0,0
data,504658,80,6,35000,-886,3669,377446,10357,raw_ad5933_range4_pga1,0,0,0,0,0,0,0,0,0,0,0
data,504794,80,7,40000,-1157,3619,379945,10772,raw_ad5933_range4_pga1,0,0,0,0,0,0,0,0,0,0,0
data,504930,80,8,45000,-1409,3546,381568,11167,raw_ad5933_range4_pga1,0,0,0,0,0,0,0,0,0,0,0
data,505067,80,9,50000,-1644,3446,381807,11550,raw_ad5933_range4_pga1,0,0,0,0,0,0,0,0,0,0,0
data,505204,80,10,55000,-1865,3338,382367,11919,raw_ad5933_range4_pga1,0,0,0,0,0,0,0,0,0,0,0
data,505342,80,11,60000,-2077,3216,382839,12285,raw_ad5933_range4_pga1,0,0,0,0,0,0,0,0,0,0,0
data,505479,80,12,65000,-2276,3087,383533,12640,raw_ad5933_range4_pga1,0,0,0,0,0,0,0,0,0,0,0
data,505617,80,13,70000,-2450,2938,382549,12982,raw_ad5933_range4_pga1,0,0,0,0,0,0,0,0,0,0,0
data,505755,80,14,75000,-2623,2785,382575,13328,raw_ad5933_range4_pga1,0,0,0,0,0,0,0,0,0,0,0
data,505893,80,15,80000,-2782,2623,382357,13668,raw_ad5933_range4_pga1,0,0,0,0,0,0,0,0,0,0,0
data,506031,80,16,85000,-2927,2454,381961,14002,raw_ad5933_range4_pga1,0,0,0,0,0,0,0,0,0,0,0
data,506168,80,17,90000,-3064,2277,381744,14338,raw_ad5933_range4_pga1,0,0,0,0,0,0,0,0,0,0,0
data,506306,80,18,95000,-3198,2092,382147,14680,raw_ad5933_range4_pga1,0,0,0,0,0,0,0,0,0,0,0
data,506444,80,19,100000,-3303,1900,381049,15009,raw_ad5933_range4_pga1,0,0,0,0,0,0,0,0,0,0,0
status,506561,80,0,0,0,0,0,0,sweep_end,0,0,0,0,0,0,0,0,0,0,0
status,509637,0,0,0,0,0,0,0,i2c_pc8_pc9_scan_start
status,509800,0,0,0,0,0,0,0,i2c_pc8_pc9_found_0x68
status,509875,0,0,0,0,0,0,0,i2c_pc8_pc9_scan_end_count_1
imu,509959,0,0,0,0,0,0,0,imu_sample,0x68,0x68,-2740,6328,8992,-363,10,403,-2912,0x00,0
status,510059,81,0,0,0,0,0,0,sweep_start_5k_to_100k,0,0,0,0,0,0,0,0,0,0,0
data,510230,81,0,5000,914,2146,233253,6693,raw_ad5933_range4_pga1,0,0,0,0,0,0,0,0,0,0,0
data,510362,81,1,10000,855,2948,306948,7382,raw_ad5933_range4_pga1,0,0,0,0,0,0,0,0,0,0,0
data,510495,81,2,15000,479,3386,341971,8194,raw_ad5933_range4_pga1,0,0,0,0,0,0,0,0,0,0,0
data,510628,81,3,20000,86,3599,360003,8863,raw_ad5933_range4_pga1,0,0,0,0,0,0,0,0,0,0,0
data,510761,81,4,25000,-270,3678,368790,9419,raw_ad5933_range4_pga1,0,0,0,0,0,0,0,0,0,0,0
data,510895,81,5,30000,-588,3696,374248,9903,raw_ad5933_range4_pga1,0,0,0,0,0,0,0,0,0,0,0
data,511029,81,6,35000,-886,3675,378029,10355,raw_ad5933_range4_pga1,0,0,0,0,0,0,0,0,0,0,0
data,511165,81,7,40000,-1154,3614,379377,10770,raw_ad5933_range4_pga1,0,0,0,0,0,0,0,0,0,0,0
data,511302,81,8,45000,-1407,3549,381773,11162,raw_ad5933_range4_pga1,0,0,0,0,0,0,0,0,0,0,0
data,511438,81,9,50000,-1646,3454,382615,11548,raw_ad5933_range4_pga1,0,0,0,0,0,0,0,0,0,0,0
data,511575,81,10,55000,-1866,3338,382416,11920,raw_ad5933_range4_pga1,0,0,0,0,0,0,0,0,0,0,0
data,511713,81,11,60000,-2076,3218,382953,12282,raw_ad5933_range4_pga1,0,0,0,0,0,0,0,0,0,0,0
data,511851,81,12,65000,-2275,3084,383232,12641,raw_ad5933_range4_pga1,0,0,0,0,0,0,0,0,0,0,0
data,511988,81,13,70000,-2451,2937,382536,12984,raw_ad5933_range4_pga1,0,0,0,0,0,0,0,0,0,0,0
data,512126,81,14,75000,-2620,2788,382588,13322,raw_ad5933_range4_pga1,0,0,0,0,0,0,0,0,0,0,0
data,512264,81,15,80000,-2785,2624,382643,13670,raw_ad5933_range4_pga1,0,0,0,0,0,0,0,0,0,0,0
data,512402,81,16,85000,-2932,2452,382216,14009,raw_ad5933_range4_pga1,0,0,0,0,0,0,0,0,0,0,0
data,512540,81,17,90000,-3066,2268,381368,14350,raw_ad5933_range4_pga1,0,0,0,0,0,0,0,0,0,0,0
data,512677,81,18,95000,-3194,2085,381430,14686,raw_ad5933_range4_pga1,0,0,0,0,0,0,0,0,0,0,0
data,512815,81,19,100000,-3303,1899,380999,15010,raw_ad5933_range4_pga1,0,0,0,0,0,0,0,0,0,0,0
status,512932,81,0,0,0,0,0,0,sweep_end,0,0,0,0,0,0,0,0,0,0,0
status,516008,0,0,0,0,0,0,0,i2c_pc8_pc9_scan_start
status,516171,0,0,0,0,0,0,0,i2c_pc8_pc9_found_0x68
status,516246,0,0,0,0,0,0,0,i2c_pc8_pc9_scan_end_count_1
imu,516330,0,0,0,0,0,0,0,imu_sample,0x68,0x68,-2704,6292,8832,-353,11,412,-2928,0x00,0
status,516430,82,0,0,0,0,0,0,sweep_start_5k_to_100k,0,0,0,0,0,0,0,0,0,0,0
data,516601,82,0,5000,910,2144,232913,6700,raw_ad5933_range4_pga1,0,0,0,0,0,0,0,0,0,0,0
data,516733,82,1,10000,852,2948,306865,7388,raw_ad5933_range4_pga1,0,0,0,0,0,0,0,0,0,0,0
data,516866,82,2,15000,481,3389,342296,8192,raw_ad5933_range4_pga1,0,0,0,0,0,0,0,0,0,0,0
data,516999,82,3,20000,85,3599,360000,8864,raw_ad5933_range4_pga1,0,0,0,0,0,0,0,0,0,0,0
data,517131,82,4,25000,-269,3683,369281,9417,raw_ad5933_range4_pga1,0,0,0,0,0,0,0,0,0,0,0
data,517266,82,5,30000,-588,3696,374248,9903,raw_ad5933_range4_pga1,0,0,0,0,0,0,0,0,0,0,0
data,517400,82,6,35000,-883,3672,377667,10352,raw_ad5933_range4_pga1,0,0,0,0,0,0,0,0,0,0,0
data,517536,82,7,40000,-1153,3616,379537,10768,raw_ad5933_range4_pga1,0,0,0,0,0,0,0,0,0,0,0
data,517672,82,8,45000,-1408,3536,380602,11171,raw_ad5933_range4_pga1,0,0,0,0,0,0,0,0,0,0,0
data,517809,82,9,50000,-1645,3446,381850,11551,raw_ad5933_range4_pga1,0,0,0,0,0,0,0,0,0,0,0
data,517946,82,10,55000,-1866,3339,382503,11919,raw_ad5933_range4_pga1,0,0,0,0,0,0,0,0,0,0,0
data,518084,82,11,60000,-2074,3220,383013,12278,raw_ad5933_range4_pga1,0,0,0,0,0,0,0,0,0,0,0
data,518221,82,12,65000,-2271,3087,383236,12634,raw_ad5933_range4_pga1,0,0,0,0,0,0,0,0,0,0,0
data,518359,82,13,70000,-2454,2938,382805,12987,raw_ad5933_range4_pga1,0,0,0,0,0,0,0,0,0,0,0
data,518497,82,14,75000,-2620,2785,382369,13325,raw_ad5933_range4_pga1,0,0,0,0,0,0,0,0,0,0,0
data,518635,82,15,80000,-2783,2624,382498,13668,raw_ad5933_range4_pga1,0,0,0,0,0,0,0,0,0,0,0
data,518773,82,16,85000,-2934,2449,382177,14014,raw_ad5933_range4_pga1,0,0,0,0,0,0,0,0,0,0,0
data,518910,82,17,90000,-3069,2276,382086,14343,raw_ad5933_range4_pga1,0,0,0,0,0,0,0,0,0,0,0
data,519048,82,18,95000,-3192,2090,381536,14678,raw_ad5933_range4_pga1,0,0,0,0,0,0,0,0,0,0,0
data,519186,82,19,100000,-3300,1900,380789,15006,raw_ad5933_range4_pga1,0,0,0,0,0,0,0,0,0,0,0
status,519303,82,0,0,0,0,0,0,sweep_end,0,0,0,0,0,0,0,0,0,0,0
status,522379,0,0,0,0,0,0,0,i2c_pc8_pc9_scan_start
status,522542,0,0,0,0,0,0,0,i2c_pc8_pc9_found_0x68
status,522617,0,0,0,0,0,0,0,i2c_pc8_pc9_scan_end_count_1
imu,522701,0,0,0,0,0,0,0,imu_sample,0x68,0x68,-2748,6364,8852,-357,-9,405,-2912,0x00,0
status,522801,83,0,0,0,0,0,0,sweep_start_5k_to_100k,0,0,0,0,0,0,0,0,0,0,0
data,522972,83,0,5000,907,2147,233072,6709,raw_ad5933_range4_pga1,0,0,0,0,0,0,0,0,0,0,0
data,523104,83,1,10000,853,2948,306893,7386,raw_ad5933_range4_pga1,0,0,0,0,0,0,0,0,0,0,0
data,523237,83,2,15000,477,3383,341646,8197,raw_ad5933_range4_pga1,0,0,0,0,0,0,0,0,0,0,0
data,523370,83,3,20000,87,3596,359705,8861,raw_ad5933_range4_pga1,0,0,0,0,0,0,0,0,0,0,0
data,523502,83,4,25000,-270,3679,368889,9419,raw_ad5933_range4_pga1,0,0,0,0,0,0,0,0,0,0,0
data,523637,83,5,30000,-594,3693,374047,9913,raw_ad5933_range4_pga1,0,0,0,0,0,0,0,0,0,0,0
data,523771,83,6,35000,-886,3670,377543,10357,raw_ad5933_range4_pga1,0,0,0,0,0,0,0,0,0,0,0
data,523907,83,7,40000,-1154,3621,380044,10767,raw_ad5933_range4_pga1,0,0,0,0,0,0,0,0,0,0,0
data,524043,83,8,45000,-1413,3543,381437,11174,raw_ad5933_range4_pga1,0,0,0,0,0,0,0,0,0,0,0
data,524180,83,9,50000,-1645,3450,382211,11549,raw_ad5933_range4_pga1,0,0,0,0,0,0,0,0,0,0,0
data,524317,83,10,55000,-1866,3339,382503,11919,raw_ad5933_range4_pga1,0,0,0,0,0,0,0,0,0,0,0
data,524455,83,11,60000,-2073,3216,382622,12280,raw_ad5933_range4_pga1,0,0,0,0,0,0,0,0,0,0,0
data,524592,83,12,65000,-2268,3087,383059,12630,raw_ad5933_range4_pga1,0,0,0,0,0,0,0,0,0,0,0
data,524730,83,13,70000,-2455,2939,382946,12987,raw_ad5933_range4_pga1,0,0,0,0,0,0,0,0,0,0,0
data,524868,83,14,75000,-2626,2783,382635,13333,raw_ad5933_range4_pga1,0,0,0,0,0,0,0,0,0,0,0
data,525006,83,15,80000,-2786,2625,382785,13670,raw_ad5933_range4_pga1,0,0,0,0,0,0,0,0,0,0,0
data,525144,83,16,85000,-2930,2451,381999,14008,raw_ad5933_range4_pga1,0,0,0,0,0,0,0,0,0,0,0
data,525281,83,17,90000,-3071,2277,382306,14344,raw_ad5933_range4_pga1,0,0,0,0,0,0,0,0,0,0,0
data,525419,83,18,95000,-3191,2090,381452,14677,raw_ad5933_range4_pga1,0,0,0,0,0,0,0,0,0,0,0
data,525557,83,19,100000,-3298,1897,380466,15009,raw_ad5933_range4_pga1,0,0,0,0,0,0,0,0,0,0,0
status,525674,83,0,0,0,0,0,0,sweep_end,0,0,0,0,0,0,0,0,0,0,0
status,528750,0,0,0,0,0,0,0,i2c_pc8_pc9_scan_start
status,528913,0,0,0,0,0,0,0,i2c_pc8_pc9_found_0x68
status,528988,0,0,0,0,0,0,0,i2c_pc8_pc9_scan_end_count_1
imu,529072,0,0,0,0,0,0,0,imu_sample,0x68,0x68,-2748,6428,8860,-361,21,426,-2928,0x00,0
status,529172,84,0,0,0,0,0,0,sweep_start_5k_to_100k,0,0,0,0,0,0,0,0,0,0,0
data,529343,84,0,5000,908,2151,233479,6711,raw_ad5933_range4_pga1,0,0,0,0,0,0,0,0,0,0,0
data,529475,84,1,10000,851,2946,306645,7388,raw_ad5933_range4_pga1,0,0,0,0,0,0,0,0,0,0,0
data,529608,84,2,15000,488,3390,342494,8180,raw_ad5933_range4_pga1,0,0,0,0,0,0,0,0,0,0,0
data,529741,84,3,20000,90,3598,359913,8856,raw_ad5933_range4_pga1,0,0,0,0,0,0,0,0,0,0,0
data,529874,84,4,25000,-274,3682,369218,9425,raw_ad5933_range4_pga1,0,0,0,0,0,0,0,0,0,0,0
data,530008,84,5,30000,-591,3693,373999,9909,raw_ad5933_range4_pga1,0,0,0,0,0,0,0,0,0,0,0
data,530142,84,6,35000,-887,3668,377372,10359,raw_ad5933_range4_pga1,0,0,0,0,0,0,0,0,0,0,0
data,530278,84,7,40000,-1153,3617,379633,10768,raw_ad5933_range4_pga1,0,0,0,0,0,0,0,0,0,0,0
data,530414,84,8,45000,-1407,3541,381029,11167,raw_ad5933_range4_pga1,0,0,0,0,0,0,0,0,0,0,0
data,530551,84,9,50000,-1642,3445,381631,11548,raw_ad5933_range4_pga1,0,0,0,0,0,0,0,0,0,0,0
data,530688,84,10,55000,-1864,3342,382668,11915,raw_ad5933_range4_pga1,0,0,0,0,0,0,0,0,0,0,0
data,530826,84,11,60000,-2073,3221,383043,12276,raw_ad5933_range4_pga1,0,0,0,0,0,0,0,0,0,0,0
data,530963,84,12,65000,-2270,3082,382774,12637,raw_ad5933_range4_pga1,0,0,0,0,0,0,0,0,0,0,0
data,531101,84,13,70000,-2454,2940,382958,12985,raw_ad5933_range4_pga1,0,0,0,0,0,0,0,0,0,0,0
data,531239,84,14,75000,-2623,2785,382575,13328,raw_ad5933_range4_pga1,0,0,0,0,0,0,0,0,0,0,0
data,531377,84,15,80000,-2783,2624,382498,13668,raw_ad5933_range4_pga1,0,0,0,0,0,0,0,0,0,0,0
data,531515,84,16,85000,-2936,2456,382780,14008,raw_ad5933_range4_pga1,0,0,0,0,0,0,0,0,0,0,0
data,531652,84,17,90000,-3070,2271,381868,14350,raw_ad5933_range4_pga1,0,0,0,0,0,0,0,0,0,0,0
data,531790,84,18,95000,-3189,2089,381230,14677,raw_ad5933_range4_pga1,0,0,0,0,0,0,0,0,0,0,0
data,531928,84,19,100000,-3300,1898,380689,15009,raw_ad5933_range4_pga1,0,0,0,0,0,0,0,0,0,0,0
status,532045,84,0,0,0,0,0,0,sweep_end,0,0,0,0,0,0,0,0,0,0,0
status,535121,0,0,0,0,0,0,0,i2c_pc8_pc9_scan_start
status,535284,0,0,0,0,0,0,0,i2c_pc8_pc9_found_0x68
status,535359,0,0,0,0,0,0,0,i2c_pc8_pc9_scan_end_count_1
imu,535443,0,0,0,0,0,0,0,imu_sample,0x68,0x68,-2744,6252,8980,-370,8,433,-2912,0x00,0
status,535542,85,0,0,0,0,0,0,sweep_start_5k_to_100k,0,0,0,0,0,0,0,0,0,0,0
data,535713,85,0,5000,911,2147,233228,6700,raw_ad5933_range4_pga1,0,0,0,0,0,0,0,0,0,0,0
data,535845,85,1,10000,850,2947,306713,7391,raw_ad5933_range4_pga1,0,0,0,0,0,0,0,0,0,0,0
data,535978,85,2,15000,482,3388,342211,8190,raw_ad5933_range4_pga1,0,0,0,0,0,0,0,0,0,0,0
data,536111,85,3,20000,86,3599,360003,8863,raw_ad5933_range4_pga1,0,0,0,0,0,0,0,0,0,0,0
data,536244,85,4,25000,-267,3678,368768,9415,raw_ad5933_range4_pga1,0,0,0,0,0,0,0,0,0,0,0
data,536378,85,5,30000,-592,3696,374311,9909,raw_ad5933_range4_pga1,0,0,0,0,0,0,0,0,0,0,0
data,536512,85,6,35000,-886,3672,377738,10356,raw_ad5933_range4_pga1,0,0,0,0,0,0,0,0,0,0,0
data,536648,85,7,40000,-1153,3620,379919,10766,raw_ad5933_range4_pga1,0,0,0,0,0,0,0,0,0,0,0
data,536784,85,8,45000,-1407,3541,381029,11167,raw_ad5933_range4_pga1,0,0,0,0,0,0,0,0,0,0,0
data,536921,85,9,50000,-1647,3448,382117,11553,raw_ad5933_range4_pga1,0,0,0,0,0,0,0,0,0,0,0
data,537058,85,10,55000,-1865,3334,382018,11922,raw_ad5933_range4_pga1,0,0,0,0,0,0,0,0,0,0,0
data,537196,85,11,60000,-2073,3216,382622,12280,raw_ad5933_range4_pga1,0,0,0,0,0,0,0,0,0,0,0
data,537333,85,12,65000,-2271,3088,383317,12633,raw_ad5933_range4_pga1,0,0,0,0,0,0,0,0,0,0,0
data,537471,85,13,70000,-2451,2940,382766,12981,raw_ad5933_range4_pga1,0,0,0,0,0,0,0,0,0,0,0
data,537609,85,14,75000,-2626,2783,382635,13333,raw_ad5933_range4_pga1,0,0,0,0,0,0,0,0,0,0,0
data,537747,85,15,80000,-2783,2624,382498,13668,raw_ad5933_range4_pga1,0,0,0,0,0,0,0,0,0,0,0
data,537885,85,16,85000,-2932,2452,382216,14009,raw_ad5933_range4_pga1,0,0,0,0,0,0,0,0,0,0,0
data,538022,85,17,90000,-3069,2276,382086,14343,raw_ad5933_range4_pga1,0,0,0,0,0,0,0,0,0,0,0
data,538160,85,18,95000,-3194,2088,381594,14682,raw_ad5933_range4_pga1,0,0,0,0,0,0,0,0,0,0,0
data,538298,85,19,100000,-3302,1899,380912,15009,raw_ad5933_range4_pga1,0,0,0,0,0,0,0,0,0,0,0
status,538415,85,0,0,0,0,0,0,sweep_end,0,0,0,0,0,0,0,0,0,0,0
status,541491,0,0,0,0,0,0,0,i2c_pc8_pc9_scan_start
status,541654,0,0,0,0,0,0,0,i2c_pc8_pc9_found_0x68
status,541729,0,0,0,0,0,0,0,i2c_pc8_pc9_scan_end_count_1
imu,541813,0,0,0,0,0,0,0,imu_sample,0x68,0x68,-2776,6260,8980,-355,12,410,-2896,0x00,0
status,541913,86,0,0,0,0,0,0,sweep_start_5k_to_100k,0,0,0,0,0,0,0,0,0,0,0
data,542084,86,0,5000,907,2147,233072,6709,raw_ad5933_range4_pga1,0,0,0,0,0,0,0,0,0,0,0
data,542216,86,1,10000,849,2946,306590,7392,raw_ad5933_range4_pga1,0,0,0,0,0,0,0,0,0,0,0
data,542349,86,2,15000,476,3387,342028,8200,raw_ad5933_range4_pga1,0,0,0,0,0,0,0,0,0,0,0
data,542482,86,3,20000,86,3598,359903,8863,raw_ad5933_range4_pga1,0,0,0,0,0,0,0,0,0,0,0
data,542615,86,4,25000,-269,3674,368383,9418,raw_ad5933_range4_pga1,0,0,0,0,0,0,0,0,0,0,0
data,542749,86,5,30000,-590,3699,374576,9906,raw_ad5933_range4_pga1,0,0,0,0,0,0,0,0,0,0,0
data,542883,86,6,35000,-883,3666,377084,10354,raw_ad5933_range4_pga1,0,0,0,0,0,0,0,0,0,0,0
data,543019,86,7,40000,-1156,3616,379629,10772,raw_ad5933_range4_pga1,0,0,0,0,0,0,0,0,0,0,0
data,543156,86,8,45000,-1407,3543,381215,11165,raw_ad5933_range4_pga1,0,0,0,0,0,0,0,0,0,0,0
data,543292,86,9,50000,-1646,3448,382074,11551,raw_ad5933_range4_pga1,0,0,0,0,0,0,0,0,0,0,0
data,543429,86,10,55000,-1861,3347,382959,11907,raw_ad5933_range4_pga1,0,0,0,0,0,0,0,0,0,0,0
data,543567,86,11,60000,-2073,3226,383463,12272,raw_ad5933_range4_pga1,0,0,0,0,0,0,0,0,0,0,0
data,543704,86,12,65000,-2268,3086,382978,12631,raw_ad5933_range4_pga1,0,0,0,0,0,0,0,0,0,0,0
data,543842,86,13,70000,-2452,2941,382907,12981,raw_ad5933_range4_pga1,0,0,0,0,0,0,0,0,0,0,0
data,543980,86,14,75000,-2627,2785,382849,13332,raw_ad5933_range4_pga1,0,0,0,0,0,0,0,0,0,0,0
data,544118,86,15,80000,-2786,2626,382853,13669,raw_ad5933_range4_pga1,0,0,0,0,0,0,0,0,0,0,0
data,544256,86,16,85000,-2931,2451,382075,14009,raw_ad5933_range4_pga1,0,0,0,0,0,0,0,0,0,0,0
data,544394,86,17,90000,-3062,2274,381404,14340,raw_ad5933_range4_pga1,0,0,0,0,0,0,0,0,0,0,0
data,544531,86,18,95000,-3190,2088,381259,14679,raw_ad5933_range4_pga1,0,0,0,0,0,0,0,0,0,0,0
data,544669,86,19,100000,-3300,1901,380839,15005,raw_ad5933_range4_pga1,0,0,0,0,0,0,0,0,0,0,0
status,544786,86,0,0,0,0,0,0,sweep_end,0,0,0,0,0,0,0,0,0,0,0
status,547862,0,0,0,0,0,0,0,i2c_pc8_pc9_scan_start
status,548025,0,0,0,0,0,0,0,i2c_pc8_pc9_found_0x68
status,548100,0,0,0,0,0,0,0,i2c_pc8_pc9_scan_end_count_1
imu,548184,0,0,0,0,0,0,0,imu_sample,0x68,0x68,-2824,6204,8924,-367,19,416,-2896,0x00,0
status,548284,87,0,0,0,0,0,0,sweep_start_5k_to_100k,0,0,0,0,0,0,0,0,0,0,0
data,548455,87,0,5000,908,2149,233295,6709,raw_ad5933_range4_pga1,0,0,0,0,0,0,0,0,0,0,0
data,548587,87,1,10000,852,2949,306961,7388,raw_ad5933_range4_pga1,0,0,0,0,0,0,0,0,0,0,0
data,548720,87,2,15000,481,3393,342692,8193,raw_ad5933_range4_pga1,0,0,0,0,0,0,0,0,0,0,0
data,548853,87,3,20000,85,3601,360200,8864,raw_ad5933_range4_pga1,0,0,0,0,0,0,0,0,0,0,0
data,548986,87,4,25000,-272,3683,369303,9422,raw_ad5933_range4_pga1,0,0,0,0,0,0,0,0,0,0,0
data,549120,87,5,30000,-590,3696,374280,9906,raw_ad5933_range4_pga1,0,0,0,0,0,0,0,0,0,0,0
data,549254,87,6,35000,-886,3672,377738,10356,raw_ad5933_range4_pga1,0,0,0,0,0,0,0,0,0,0,0
data,549390,87,7,40000,-1153,3619,379823,10767,raw_ad5933_range4_pga1,0,0,0,0,0,0,0,0,0,0,0
data,549526,87,8,45000,-1411,3541,381177,11172,raw_ad5933_range4_pga1,0,0,0,0,0,0,0,0,0,0,0
data,549663,87,9,50000,-1644,3446,381807,11550,raw_ad5933_range4_pga1,0,0,0,0,0,0,0,0,0,0,0
data,549800,87,10,55000,-1867,3339,382552,11921,raw_ad5933_range4_pga1,0,0,0,0,0,0,0,0,0,0,0
data,549938,87,11,60000,-2077,3217,382923,12284,raw_ad5933_range4_pga1,0,0,0,0,0,0,0,0,0,0,0
data,550075,87,12,65000,-2272,3087,383296,12635,raw_ad5933_range4_pga1,0,0,0,0,0,0,0,0,0,0,0
data,550213,87,13,70000,-2452,2940,382830,12982,raw_ad5933_range4_pga1,0,0,0,0,0,0,0,0,0,0,0
data,550351,87,14,75000,-2621,2784,382365,13327,raw_ad5933_range4_pga1,0,0,0,0,0,0,0,0,0,0,0
data,550489,87,15,80000,-2788,2626,382999,13671,raw_ad5933_range4_pga1,0,0,0,0,0,0,0,0,0,0,0
data,550627,87,16,85000,-2935,2449,382254,14015,raw_ad5933_range4_pga1,0,0,0,0,0,0,0,0,0,0,0
data,550764,87,17,90000,-3072,2274,382208,14348,raw_ad5933_range4_pga1,0,0,0,0,0,0,0,0,0,0,0
data,550902,87,18,95000,-3193,2088,381510,14681,raw_ad5933_range4_pga1,0,0,0,0,0,0,0,0,0,0,0
data,551040,87,19,100000,-3301,1900,380875,15007,raw_ad5933_range4_pga1,0,0,0,0,0,0,0,0,0,0,0
status,551157,87,0,0,0,0,0,0,sweep_end,0,0,0,0,0,0,0,0,0,0,0
status,554233,0,0,0,0,0,0,0,i2c_pc8_pc9_scan_start
status,554396,0,0,0,0,0,0,0,i2c_pc8_pc9_found_0x68
status,554471,0,0,0,0,0,0,0,i2c_pc8_pc9_scan_end_count_1
imu,554555,0,0,0,0,0,0,0,imu_sample,0x68,0x68,-2648,6384,8892,-335,20,413,-2912,0x00,0
status,554655,88,0,0,0,0,0,0,sweep_start_5k_to_100k,0,0,0,0,0,0,0,0,0,0,0
data,554826,88,0,5000,908,2146,233019,6706,raw_ad5933_range4_pga1,0,0,0,0,0,0,0,0,0,0,0
data,554958,88,1,10000,851,2945,306549,7388,raw_ad5933_range4_pga1,0,0,0,0,0,0,0,0,0,0,0
data,555091,88,2,15000,477,3380,341349,8196,raw_ad5933_range4_pga1,0,0,0,0,0,0,0,0,0,0,0
data,555224,88,3,20000,90,3598,359913,8856,raw_ad5933_range4_pga1,0,0,0,0,0,0,0,0,0,0,0
data,555357,88,4,25000,-268,3681,369074,9416,raw_ad5933_range4_pga1,0,0,0,0,0,0,0,0,0,0,0
data,555491,88,5,30000,-592,3693,374015,9910,raw_ad5933_range4_pga1,0,0,0,0,0,0,0,0,0,0,0
data,555625,88,6,35000,-886,3668,377349,10357,raw_ad5933_range4_pga1,0,0,0,0,0,0,0,0,0,0,0
data,555761,88,7,40000,-1147,3622,379928,10757,raw_ad5933_range4_pga1,0,0,0,0,0,0,0,0,0,0,0
data,555897,88,8,45000,-1411,3537,380806,11174,raw_ad5933_range4_pga1,0,0,0,0,0,0,0,0,0,0,0
data,556034,88,9,50000,-1645,3446,381850,11551,raw_ad5933_range4_pga1,0,0,0,0,0,0,0,0,0,0,0
data,556171,88,10,55000,-1868,3339,382601,11922,raw_ad5933_range4_pga1,0,0,0,0,0,0,0,0,0,0,0
data,556309,88,11,60000,-2074,3218,382845,12280,raw_ad5933_range4_pga1,0,0,0,0,0,0,0,0,0,0,0
data,556446,88,12,65000,-2271,3085,383075,12635,raw_ad5933_range4_pga1,0,0,0,0,0,0,0,0,0,0,0
data,556584,88,13,70000,-2456,2938,382933,12989,raw_ad5933_range4_pga1,0,0,0,0,0,0,0,0,0,0,0
data,556722,88,14,75000,-2623,2785,382575,13328,raw_ad5933_range4_pga1,0,0,0,0,0,0,0,0,0,0,0
data,556860,88,15,80000,-2783,2621,382292,13671,raw_ad5933_range4_pga1,0,0,0,0,0,0,0,0,0,0,0
data,556998,88,16,85000,-2926,2448,381499,14008,raw_ad5933_range4_pga1,0,0,0,0,0,0,0,0,0,0,0
data,557136,88,17,90000,-3064,2272,381446,14344,raw_ad5933_range4_pga1,0,0,0,0,0,0,0,0,0,0,0
data,557273,88,18,95000,-3191,2091,381507,14676,raw_ad5933_range4_pga1,0,0,0,0,0,0,0,0,0,0,0
data,557411,88,19,100000,-3300,1901,380839,15005,raw_ad5933_range4_pga1,0,0,0,0,0,0,0,0,0,0,0
status,557528,88,0,0,0,0,0,0,sweep_end,0,0,0,0,0,0,0,0,0,0,0
status,560604,0,0,0,0,0,0,0,i2c_pc8_pc9_scan_start
status,560767,0,0,0,0,0,0,0,i2c_pc8_pc9_found_0x68
status,560842,0,0,0,0,0,0,0,i2c_pc8_pc9_scan_end_count_1
imu,560926,0,0,0,0,0,0,0,imu_sample,0x68,0x68,-2772,6488,8760,-362,28,417,-2896,0x00,0
status,561026,89,0,0,0,0,0,0,sweep_start_5k_to_100k,0,0,0,0,0,0,0,0,0,0,0
data,561197,89,0,5000,908,2146,233019,6706,raw_ad5933_range4_pga1,0,0,0,0,0,0,0,0,0,0,0
data,561329,89,1,10000,854,2946,306728,7383,raw_ad5933_range4_pga1,0,0,0,0,0,0,0,0,0,0,0
data,561462,89,2,15000,482,3384,341815,8189,raw_ad5933_range4_pga1,0,0,0,0,0,0,0,0,0,0,0
data,561595,89,3,20000,85,3598,359900,8864,raw_ad5933_range4_pga1,0,0,0,0,0,0,0,0,0,0,0
data,561727,89,4,25000,-268,3676,368576,9416,raw_ad5933_range4_pga1,0,0,0,0,0,0,0,0,0,0,0
data,561862,89,5,30000,-592,3693,374015,9910,raw_ad5933_range4_pga1,0,0,0,0,0,0,0,0,0,0,0
data,561996,89,6,35000,-882,3664,376866,10353,raw_ad5933_range4_pga1,0,0,0,0,0,0,0,0,0,0,0
data,562132,89,7,40000,-1152,3617,379602,10766,raw_ad5933_range4_pga1,0,0,0,0,0,0,0,0,0,0,0
data,562268,89,8,45000,-1403,3538,380603,11163,raw_ad5933_range4_pga1,0,0,0,0,0,0,0,0,0,0,0
data,562405,89,9,50000,-1644,3448,381987,11549,raw_ad5933_range4_pga1,0,0,0,0,0,0,0,0,0,0,0
data,562542,89,10,55000,-1868,3335,382252,11925,raw_ad5933_range4_pga1,0,0,0,0,0,0,0,0,0,0,0
data,562680,89,11,60000,-2073,3219,382875,12278,raw_ad5933_range4_pga1,0,0,0,0,0,0,0,0,0,0,0
data,562817,89,12,65000,-2267,3080,382435,12635,raw_ad5933_range4_pga1,0,0,0,0,0,0,0,0,0,0,0
data,562955,89,13,70000,-2450,2944,383010,12976,raw_ad5933_range4_pga1,0,0,0,0,0,0,0,0,0,0,0
data,563093,89,14,75000,-2626,2785,382781,13331,raw_ad5933_range4_pga1,0,0,0,0,0,0,0,0,0,0,0
data,563231,89,15,80000,-2781,2621,382147,13669,raw_ad5933_range4_pga1,0,0,0,0,0,0,0,0,0,0,0
data,563369,89,16,85000,-2930,2453,382127,14006,raw_ad5933_range4_pga1,0,0,0,0,0,0,0,0,0,0,0
data,563506,89,17,90000,-3063,2277,381663,14337,raw_ad5933_range4_pga1,0,0,0,0,0,0,0,0,0,0,0
data,563644,89,18,95000,-3189,2091,381340,14674,raw_ad5933_range4_pga1,0,0,0,0,0,0,0,0,0,0,0
data,563782,89,19,100000,-3299,1898,380602,15008,raw_ad5933_range4_pga1,0,0,0,0,0,0,0,0,0,0,0
status,563899,89,0,0,0,0,0,0,sweep_end,0,0,0,0,0,0,0,0,0,0,0
status,566975,0,0,0,0,0,0,0,i2c_pc8_pc9_scan_start
status,567138,0,0,0,0,0,0,0,i2c_pc8_pc9_found_0x68
status,567213,0,0,0,0,0,0,0,i2c_pc8_pc9_scan_end_count_1
imu,567297,0,0,0,0,0,0,0,imu_sample,0x68,0x68,-2716,6456,8856,-355,3,412,-2896,0x00,0
status,567396,90,0,0,0,0,0,0,sweep_start_5k_to_100k,0,0,0,0,0,0,0,0,0,0,0
data,567567,90,0,5000,910,2146,233097,6702,raw_ad5933_range4_pga1,0,0,0,0,0,0,0,0,0,0,0
data,567699,90,1,10000,850,2948,306809,7391,raw_ad5933_range4_pga1,0,0,0,0,0,0,0,0,0,0,0
data,567832,90,2,15000,480,3384,341787,8192,raw_ad5933_range4_pga1,0,0,0,0,0,0,0,0,0,0,0
data,567965,90,3,20000,89,3597,359810,8858,raw_ad5933_range4_pga1,0,0,0,0,0,0,0,0,0,0,0
data,568097,90,4,25000,-271,3680,368997,9421,raw_ad5933_range4_pga1,0,0,0,0,0,0,0,0,0,0,0
data,568232,90,5,30000,-584,3695,374087,9898,raw_ad5933_range4_pga1,0,0,0,0,0,0,0,0,0,0,0
data,568366,90,6,35000,-885,3671,377617,10355,raw_ad5933_range4_pga1,0,0,0,0,0,0,0,0,0,0,0
data,568502,90,7,40000,-1152,3616,379507,10767,raw_ad5933_range4_pga1,0,0,0,0,0,0,0,0,0,0,0
data,568638,90,8,45000,-1405,3544,381234,11162,raw_ad5933_range4_pga1,0,0,0,0,0,0,0,0,0,0,0
data,568775,90,9,50000,-1642,3449,381992,11545,raw_ad5933_range4_pga1,0,0,0,0,0,0,0,0,0,0,0
data,568912,90,10,55000,-1866,3340,382591,11919,raw_ad5933_range4_pga1,0,0,0,0,0,0,0,0,0,0,0
data,569050,90,11,60000,-2070,3217,382544,12275,raw_ad5933_range4_pga1,0,0,0,0,0,0,0,0,0,0,0
data,569187,90,12,65000,-2272,3086,383215,12636,raw_ad5933_range4_pga1,0,0,0,0,0,0,0,0,0,0,0
data,569325,90,13,70000,-2455,2939,382946,12987,raw_ad5933_range4_pga1,0,0,0,0,0,0,0,0,0,0,0
data,569463,90,14,75000,-2625,2783,382567,13332,raw_ad5933_range4_pga1,0,0,0,0,0,0,0,0,0,0,0
data,569601,90,15,80000,-2784,2623,382502,13670,raw_ad5933_range4_pga1,0,0,0,0,0,0,0,0,0,0,0
data,569739,90,16,85000,-2928,2452,381910,14005,raw_ad5933_range4_pga1,0,0,0,0,0,0,0,0,0,0,0
data,569876,90,17,90000,-3065,2270,381407,14347,raw_ad5933_range4_pga1,0,0,0,0,0,0,0,0,0,0,0
data,570014,90,18,95000,-3186,2087,380870,14677,raw_ad5933_range4_pga1,0,0,0,0,0,0,0,0,0,0,0
data,570152,90,19,100000,-3302,1895,380713,15014,raw_ad5933_range4_pga1,0,0,0,0,0,0,0,0,0,0,0
status,570269,90,0,0,0,0,0,0,sweep_end,0,0,0,0,0,0,0,0,0,0,0
status,573345,0,0,0,0,0,0,0,i2c_pc8_pc9_scan_start
status,573508,0,0,0,0,0,0,0,i2c_pc8_pc9_found_0x68
status,573583,0,0,0,0,0,0,0,i2c_pc8_pc9_scan_end_count_1
imu,573667,0,0,0,0,0,0,0,imu_sample,0x68,0x68,-2756,6388,8820,-369,23,435,-2928,0x00,0
status,573767,91,0,0,0,0,0,0,sweep_start_5k_to_100k,0,0,0,0,0,0,0,0,0,0,0
data,573938,91,0,5000,909,2145,232966,6703,raw_ad5933_range4_pga1,0,0,0,0,0,0,0,0,0,0,0
data,574070,91,1,10000,852,2946,306673,7386,raw_ad5933_range4_pga1,0,0,0,0,0,0,0,0,0,0,0
data,574203,91,2,15000,479,3387,342070,8195,raw_ad5933_range4_pga1,0,0,0,0,0,0,0,0,0,0,0
data,574336,91,3,20000,86,3598,359903,8863,raw_ad5933_range4_pga1,0,0,0,0,0,0,0,0,0,0,0
data,574469,91,4,25000,-266,3681,369060,9413,raw_ad5933_range4_pga1,0,0,0,0,0,0,0,0,0,0,0
data,574603,91,5,30000,-593,3697,374426,9911,raw_ad5933_range4_pga1,0,0,0,0,0,0,0,0,0,0,0
data,574737,91,6,35000,-886,3663,376863,10359,raw_ad5933_range4_pga1,0,0,0,0,0,0,0,0,0,0,0
data,574873,91,7,40000,-1156,3617,379724,10772,raw_ad5933_range4_pga1,0,0,0,0,0,0,0,0,0,0,0
data,575009,91,8,45000,-1410,3545,381512,11168,raw_ad5933_range4_pga1,0,0,0,0,0,0,0,0,0,0,0
data,575146,91,9,50000,-1644,3447,381897,11549,raw_ad5933_range4_pga1,0,0,0,0,0,0,0,0,0,0,0
data,575283,91,10,55000,-1860,3334,381774,11915,raw_ad5933_range4_pga1,0,0,0,0,0,0,0,0,0,0,0
data,575421,91,11,60000,-2074,3218,382845,12280,raw_ad5933_range4_pga1,0,0,0,0,0,0,0,0,0,0,0
data,575558,91,12,65000,-2272,3086,383215,12636,raw_ad5933_range4_pga1,0,0,0,0,0,0,0,0,0,0,0
data,575696,91,13,70000,-2453,2941,382971,12983,raw_ad5933_range4_pga1,0,0,0,0,0,0,0,0,0,0,0
data,575834,91,14,75000,-2627,2785,382849,13332,raw_ad5933_range4_pga1,0,0,0,0,0,0,0,0,0,0,0
data,575972,91,15,80000,-2786,2620,382442,13675,raw_ad5933_range4_pga1,0,0,0,0,0,0,0,0,0,0,0
data,576110,91,16,85000,-2930,2453,382127,14006,raw_ad5933_range4_pga1,0,0,0,0,0,0,0,0,0,0,0
data,576247,91,17,90000,-3069,2273,381907,14347,raw_ad5933_range4_pga1,0,0,0,0,0,0,0,0,0,0,0
data,576385,91,18,95000,-3193,2088,381510,14681,raw_ad5933_range4_pga1,0,0,0,0,0,0,0,0,0,0,0
data,576523,91,19,100000,-3301,1900,380875,15007,raw_ad5933_range4_pga1,0,0,0,0,0,0,0,0,0,0,0
status,576640,91,0,0,0,0,0,0,sweep_end,0,0,0,0,0,0,0,0,0,0,0
status,579716,0,0,0,0,0,0,0,i2c_pc8_pc9_scan_start
status,579879,0,0,0,0,0,0,0,i2c_pc8_pc9_found_0x68
status,579954,0,0,0,0,0,0,0,i2c_pc8_pc9_scan_end_count_1
imu,580038,0,0,0,0,0,0,0,imu_sample,0x68,0x68,-2624,6328,8984,-361,7,426,-2896,0x00,0
status,580137,92,0,0,0,0,0,0,sweep_start_5k_to_100k,0,0,0,0,0,0,0,0,0,0,0
data,580308,92,0,5000,910,2150,233465,6705,raw_ad5933_range4_pga1,0,0,0,0,0,0,0,0,0,0,0
data,580440,92,1,10000,851,2950,307029,7390,raw_ad5933_range4_pga1,0,0,0,0,0,0,0,0,0,0,0
data,580573,92,2,15000,482,3385,341914,8189,raw_ad5933_range4_pga1,0,0,0,0,0,0,0,0,0,0,0
data,580706,92,3,20000,89,3602,360310,8858,raw_ad5933_range4_pga1,0,0,0,0,0,0,0,0,0,0,0
data,580839,92,4,25000,-275,3683,369325,9427,raw_ad5933_range4_pga1,0,0,0,0,0,0,0,0,0,0,0
data,580973,92,5,30000,-590,3695,374181,9907,raw_ad5933_range4_pga1,0,0,0,0,0,0,0,0,0,0,0
data,581107,92,6,35000,-888,3666,377202,10361,raw_ad5933_range4_pga1,0,0,0,0,0,0,0,0,0,0,0
data,581243,92,7,40000,-1155,3620,379979,10769,raw_ad5933_range4_pga1,0,0,0,0,0,0,0,0,0,0,0
data,581379,92,8,45000,-1406,3537,380621,11167,raw_ad5933_range4_pga1,0,0,0,0,0,0,0,0,0,0,0
data,581516,92,9,50000,-1646,3447,381983,11552,raw_ad5933_range4_pga1,0,0,0,0,0,0,0,0,0,0,0
data,581653,92,10,55000,-1862,3338,382221,11915,raw_ad5933_range4_pga1,0,0,0,0,0,0,0,0,0,0,0
data,581791,92,11,60000,-2071,3216,382514,12278,raw_ad5933_range4_pga1,0,0,0,0,0,0,0,0,0,0,0
data,581928,92,12,65000,-2269,3082,382715,12636,raw_ad5933_range4_pga1,0,0,0,0,0,0,0,0,0,0,0
data,582066,92,13,70000,-2454,2941,383035,12984,raw_ad5933_range4_pga1,0,0,0,0,0,0,0,0,0,0,0
data,582204,92,14,75000,-2622,2784,382434,13328,raw_ad5933_range4_pga1,0,0,0,0,0,0,0,0,0,0,0
data,582342,92,15,80000,-2782,2626,382562,13665,raw_ad5933_range4_pga1,0,0,0,0,0,0,0,0,0,0,0
data,582480,92,16,85000,-2925,2450,381551,14005,raw_ad5933_range4_pga1,0,0,0,0,0,0,0,0,0,0,0
data,582617,92,17,90000,-3065,2277,381824,14339,raw_ad5933_range4_pga1,0,0,0,0,0,0,0,0,0,0,0
data,582755,92,18,95000,-3189,2089,381230,14677,raw_ad5933_range4_pga1,0,0,0,0,0,0,0,0,0,0,0
data,582893,92,19,100000,-3298,1899,380565,15006,raw_ad5933_range4_pga1,0,0,0,0,0,0,0,0,0,0,0
status,583010,92,0,0,0,0,0,0,sweep_end,0,0,0,0,0,0,0,0,0,0,0
status,586086,0,0,0,0,0,0,0,i2c_pc8_pc9_scan_start
status,586249,0,0,0,0,0,0,0,i2c_pc8_pc9_found_0x68
status,586324,0,0,0,0,0,0,0,i2c_pc8_pc9_scan_end_count_1
imu,586408,0,0,0,0,0,0,0,imu_sample,0x68,0x68,-2740,6360,8912,-359,19,405,-2896,0x00,0
status,586508,93,0,0,0,0,0,0,sweep_start_5k_to_100k,0,0,0,0,0,0,0,0,0,0,0
data,586679,93,0,5000,913,2144,233030,6693,raw_ad5933_range4_pga1,0,0,0,0,0,0,0,0,0,0,0
data,586811,93,1,10000,848,2948,306754,7395,raw_ad5933_range4_pga1,0,0,0,0,0,0,0,0,0,0,0
data,586944,93,2,15000,483,3387,342127,8188,raw_ad5933_range4_pga1,0,0,0,0,0,0,0,0,0,0,0
data,587077,93,3,20000,88,3598,359908,8859,raw_ad5933_range4_pga1,0,0,0,0,0,0,0,0,0,0,0
data,587210,93,4,25000,-270,3684,369388,9419,raw_ad5933_range4_pga1,0,0,0,0,0,0,0,0,0,0,0
data,587344,93,5,30000,-584,3699,374482,9897,raw_ad5933_range4_pga1,0,0,0,0,0,0,0,0,0,0,0
data,587478,93,6,35000,-888,3670,377590,10360,raw_ad5933_range4_pga1,0,0,0,0,0,0,0,0,0,0,0
data,587614,93,7,40000,-1150,3617,379542,10763,raw_ad5933_range4_pga1,0,0,0,0,0,0,0,0,0,0,0
data,587751,93,8,45000,-1408,3541,381066,11168,raw_ad5933_range4_pga1,0,0,0,0,0,0,0,0,0,0,0
data,587887,93,9,50000,-1645,3444,381670,11553,raw_ad5933_range4_pga1,0,0,0,0,0,0,0,0,0,0,0
data,588024,93,10,55000,-1863,3341,382532,11914,raw_ad5933_range4_pga1,0,0,0,0,0,0,0,0,0,0,0
data,588162,93,11,60000,-2076,3222,383289,12279,raw_ad5933_range4_pga1,0,0,0,0,0,0,0,0,0,0,0
data,588299,93,12,65000,-2274,3084,383173,12640,raw_ad5933_range4_pga1,0,0,0,0,0,0,0,0,0,0,0
data,588437,93,13,70000,-2457,2941,383228,12987,raw_ad5933_range4_pga1,0,0,0,0,0,0,0,0,0,0,0
data,588575,93,14,75000,-2627,2784,382777,13333,raw_ad5933_range4_pga1,0,0,0,0,0,0,0,0,0,0,0
data,588713,93,15,80000,-2783,2619,382155,13673,raw_ad5933_range4_pga1,0,0,0,0,0,0,0,0,0,0,0
data,588851,93,16,85000,-2932,2448,381960,14014,raw_ad5933_range4_pga1,0,0,0,0,0,0,0,0,0,0,0
data,588989,93,17,90000,-3064,2272,381446,14344,raw_ad5933_range4_pga1,0,0,0,0,0,0,0,0,0,0,0
data,589126,93,18,95000,-3191,2091,381507,14676,raw_ad5933_range4_pga1,0,0,0,0,0,0,0,0,0,0,0
data,589264,93,19,100000,-3300,1900,380789,15006,raw_ad5933_range4_pga1,0,0,0,0,0,0,0,0,0,0,0
status,589381,93,0,0,0,0,0,0,sweep_end,0,0,0,0,0,0,0,0,0,0,0
status,592457,0,0,0,0,0,0,0,i2c_pc8_pc9_scan_start
status,592620,0,0,0,0,0,0,0,i2c_pc8_pc9_found_0x68
status,592695,0,0,0,0,0,0,0,i2c_pc8_pc9_scan_end_count_1
imu,592779,0,0,0,0,0,0,0,imu_sample,0x68,0x68,-2804,6344,8812,-348,24,409,-2896,0x00,0
status,592879,94,0,0,0,0,0,0,sweep_start_5k_to_100k,0,0,0,0,0,0,0,0,0,0,0
data,593050,94,0,5000,910,2146,233097,6702,raw_ad5933_range4_pga1,0,0,0,0,0,0,0,0,0,0,0
data,593182,94,1,10000,852,2951,307153,7389,raw_ad5933_range4_pga1,0,0,0,0,0,0,0,0,0,0,0
data,593315,94,2,15000,480,3388,342183,8193,raw_ad5933_range4_pga1,0,0,0,0,0,0,0,0,0,0,0
data,593448,94,3,20000,90,3604,360512,8856,raw_ad5933_range4_pga1,0,0,0,0,0,0,0,0,0,0,0
data,593581,94,4,25000,-268,3679,368875,9416,raw_ad5933_range4_pga1,0,0,0,0,0,0,0,0,0,0,0
data,593715,94,5,30000,-593,3692,373932,9912,raw_ad5933_range4_pga1,0,0,0,0,0,0,0,0,0,0,0
data,593849,94,6,35000,-884,3668,377302,10355,raw_ad5933_range4_pga1,0,0,0,0,0,0,0,0,0,0,0
data,593985,94,7,40000,-1158,3615,379594,10776,raw_ad5933_range4_pga1,0,0,0,0,0,0,0,0,0,0,0
data,594121,94,8,45000,-1408,3538,380787,11170,raw_ad5933_range4_pga1,0,0,0,0,0,0,0,0,0,0,0
data,594258,94,9,50000,-1640,3448,381815,11543,raw_ad5933_range4_pga1,0,0,0,0,0,0,0,0,0,0,0
data,594395,94,10,55000,-1863,3335,382008,11918,raw_ad5933_range4_pga1,0,0,0,0,0,0,0,0,0,0,0
data,594533,94,11,60000,-2072,3216,382568,12279,raw_ad5933_range4_pga1,0,0,0,0,0,0,0,0,0,0,0
data,594670,94,12,65000,-2267,3087,382999,12629,raw_ad5933_range4_pga1,0,0,0,0,0,0,0,0,0,0,0
data,594808,94,13,70000,-2455,2941,383099,12985,raw_ad5933_range4_pga1,0,0,0,0,0,0,0,0,0,0,0
data,594946,94,14,75000,-2623,2782,382357,13331,raw_ad5933_range4_pga1,0,0,0,0,0,0,0,0,0,0,0
data,595084,94,15,80000,-2786,2622,382579,13673,raw_ad5933_range4_pga1,0,0,0,0,0,0,0,0,0,0,0
data,595222,94,16,85000,-2934,2451,382306,14012,raw_ad5933_range4_pga1,0,0,0,0,0,0,0,0,0,0,0
data,595359,94,17,90000,-3068,2273,381827,14346,raw_ad5933_range4_pga1,0,0,0,0,0,0,0,0,0,0,0
data,595497,94,18,95000,-3190,2091,381423,14675,raw_ad5933_range4_pga1,0,0,0,0,0,0,0,0,0,0,0
data,595635,94,19,100000,-3303,1901,381099,15007,raw_ad5933_range4_pga1,0,0,0,0,0,0,0,0,0,0,0
status,595752,94,0,0,0,0,0,0,sweep_end,0,0,0,0,0,0,0,0,0,0,0
status,598828,0,0,0,0,0,0,0,i2c_pc8_pc9_scan_start
status,598991,0,0,0,0,0,0,0,i2c_pc8_pc9_found_0x68
status,599066,0,0,0,0,0,0,0,i2c_pc8_pc9_scan_end_count_1
imu,599150,0,0,0,0,0,0,0,imu_sample,0x68,0x68,-2756,6356,8948,-366,3,409,-2912,0x00,0
status,599249,95,0,0,0,0,0,0,sweep_start_5k_to_100k,0,0,0,0,0,0,0,0,0,0,0
data,599420,95,0,5000,906,2148,233125,6713,raw_ad5933_range4_pga1,0,0,0,0,0,0,0,0,0,0,0
data,599552,95,1,10000,852,2949,306961,7388,raw_ad5933_range4_pga1,0,0,0,0,0,0,0,0,0,0,0
data,599685,95,2,15000,486,3386,342070,8183,raw_ad5933_range4_pga1,0,0,0,0,0,0,0,0,0,0,0
data,599818,95,3,20000,90,3599,360013,8856,raw_ad5933_range4_pga1,0,0,0,0,0,0,0,0,0,0,0
data,599951,95,4,25000,-264,3682,369145,9410,raw_ad5933_range4_pga1,0,0,0,0,0,0,0,0,0,0,0
data,600085,95,5,30000,-591,3698,374493,9908,raw_ad5933_range4_pga1,0,0,0,0,0,0,0,0,0,0,0
data,600219,95,6,35000,-885,3668,377325,10356,raw_ad5933_range4_pga1,0,0,0,0,0,0,0,0,0,0,0
data,600355,95,7,40000,-1154,3618,379758,10769,raw_ad5933_range4_pga1,0,0,0,0,0,0,0,0,0,0,0
data,600492,95,8,45000,-1408,3542,381159,11167,raw_ad5933_range4_pga1,0,0,0,0,0,0,0,0,0,0,0
data,600628,95,9,50000,-1646,3450,382254,11550,raw_ad5933_range4_pga1,0,0,0,0,0,0,0,0,0,0,0
data,600765,95,10,55000,-1866,3338,382416,11920,raw_ad5933_range4_pga1,0,0,0,0,0,0,0,0,0,0,0
data,600903,95,11,60000,-2073,3212,382286,12283,raw_ad5933_range4_pga1,0,0,0,0,0,0,0,0,0,0,0
data,601041,95,12,65000,-2273,3084,383113,12639,raw_ad5933_range4_pga1,0,0,0,0,0,0,0,0,0,0,0
data,601178,95,13,70000,-2447,2942,382664,12975,raw_ad5933_range4_pga1,0,0,0,0,0,0,0,0,0,0,0
data,601316,95,14,75000,-2624,2784,382571,13330,raw_ad5933_range4_pga1,0,0,0,0,0,0,0,0,0,0,0
data,601454,95,15,80000,-2786,2625,382785,13670,raw_ad5933_range4_pga1,0,0,0,0,0,0,0,0,0,0,0
data,601592,95,16,85000,-2933,2451,382229,14011,raw_ad5933_range4_pga1,0,0,0,0,0,0,0,0,0,0,0
data,601730,95,17,90000,-3068,2271,381708,14349,raw_ad5933_range4_pga1,0,0,0,0,0,0,0,0,0,0,0
data,601867,95,18,95000,-3192,2089,381481,14679,raw_ad5933_range4_pga1,0,0,0,0,0,0,0,0,0,0,0
data,602005,95,19,100000,-3300,1896,380589,15012,raw_ad5933_range4_pga1,0,0,0,0,0,0,0,0,0,0,0
status,602122,95,0,0,0,0,0,0,sweep_end,0,0,0,0,0,0,0,0,0,0,0
status,605198,0,0,0,0,0,0,0,i2c_pc8_pc9_scan_start
status,605361,0,0,0,0,0,0,0,i2c_pc8_pc9_found_0x68
status,605436,0,0,0,0,0,0,0,i2c_pc8_pc9_scan_end_count_1
imu,605520,0,0,0,0,0,0,0,imu_sample,0x68,0x68,-2724,6360,8924,-349,21,401,-2928,0x00,0
status,605620,96,0,0,0,0,0,0,sweep_start_5k_to_100k,0,0,0,0,0,0,0,0,0,0,0
data,605791,96,0,5000,912,2151,233635,6702,raw_ad5933_range4_pga1,0,0,0,0,0,0,0,0,0,0,0
data,605923,96,1,10000,853,2948,306893,7386,raw_ad5933_range4_pga1,0,0,0,0,0,0,0,0,0,0,0
data,606056,96,2,15000,479,3388,342169,8195,raw_ad5933_range4_pga1,0,0,0,0,0,0,0,0,0,0,0
data,606189,96,3,20000,85,3601,360200,8864,raw_ad5933_range4_pga1,0,0,0,0,0,0,0,0,0,0,0
data,606321,96,4,25000,-269,3678,368782,9418,raw_ad5933_range4_pga1,0,0,0,0,0,0,0,0,0,0,0
data,606456,96,5,30000,-590,3695,374181,9907,raw_ad5933_range4_pga1,0,0,0,0,0,0,0,0,0,0,0
data,606590,96,6,35000,-876,3664,376726,10344,raw_ad5933_range4_pga1,0,0,0,0,0,0,0,0,0,0,0
data,606726,96,7,40000,-1151,3618,379667,10764,raw_ad5933_range4_pga1,0,0,0,0,0,0,0,0,0,0,0
data,606862,96,8,45000,-1411,3542,381270,11172,raw_ad5933_range4_pga1,0,0,0,0,0,0,0,0,0,0,0
data,606999,96,9,50000,-1643,3450,382125,11546,raw_ad5933_range4_pga1,0,0,0,0,0,0,0,0,0,0,0
data,607136,96,10,55000,-1867,3337,382378,11922,raw_ad5933_range4_pga1,0,0,0,0,0,0,0,0,0,0,0
data,607274,96,11,60000,-2074,3217,382761,12280,raw_ad5933_range4_pga1,0,0,0,0,0,0,0,0,0,0,0
data,607411,96,12,65000,-2269,3086,383037,12632,raw_ad5933_range4_pga1,0,0,0,0,0,0,0,0,0,0,0
data,607549,96,13,70000,-2455,2937,382792,12989,raw_ad5933_range4_pga1,0,0,0,0,0,0,0,0,0,0,0
data,607687,96,14,75000,-2618,2785,382232,13322,raw_ad5933_range4_pga1,0,0,0,0,0,0,0,0,0,0,0
data,607825,96,15,80000,-2790,2624,383008,13675,raw_ad5933_range4_pga1,0,0,0,0,0,0,0,0,0,0,0
data,607963,96,16,85000,-2929,2452,381986,14006,raw_ad5933_range4_pga1,0,0,0,0,0,0,0,0,0,0,0
data,608100,96,17,90000,-3064,2271,381386,14345,raw_ad5933_range4_pga1,0,0,0,0,0,0,0,0,0,0,0
data,608238,96,18,95000,-3190,2083,380985,14685,raw_ad5933_range4_pga1,0,0,0,0,0,0,0,0,0,0,0
data,608376,96,19,100000,-3299,1899,380652,15007,raw_ad5933_range4_pga1,0,0,0,0,0,0,0,0,0,0,0
status,608493,96,0,0,0,0,0,0,sweep_end,0,0,0,0,0,0,0,0,0,0,0
status,611569,0,0,0,0,0,0,0,i2c_pc8_pc9_scan_start
status,611732,0,0,0,0,0,0,0,i2c_pc8_pc9_found_0x68
status,611807,0,0,0,0,0,0,0,i2c_pc8_pc9_scan_end_count_1
imu,611891,0,0,0,0,0,0,0,imu_sample,0x68,0x68,-2776,6312,8848,-348,9,407,-2880,0x00,0
status,611990,97,0,0,0,0,0,0,sweep_start_5k_to_100k,0,0,0,0,0,0,0,0,0,0,0
data,612161,97,0,5000,909,2145,232966,6703,raw_ad5933_range4_pga1,0,0,0,0,0,0,0,0,0,0,0
data,612293,97,1,10000,859,2951,307348,7377,raw_ad5933_range4_pga1,0,0,0,0,0,0,0,0,0,0,0
data,612426,97,2,15000,482,3386,342013,8189,raw_ad5933_range4_pga1,0,0,0,0,0,0,0,0,0,0,0
data,612559,97,3,20000,87,3600,360105,8861,raw_ad5933_range4_pga1,0,0,0,0,0,0,0,0,0,0,0
data,612691,97,4,25000,-269,3678,368782,9418,raw_ad5933_range4_pga1,0,0,0,0,0,0,0,0,0,0,0
data,612826,97,5,30000,-593,3696,374327,9911,raw_ad5933_range4_pga1,0,0,0,0,0,0,0,0,0,0,0
data,612960,97,6,35000,-878,3667,377065,10346,raw_ad5933_range4_pga1,0,0,0,0,0,0,0,0,0,0,0
data,613096,97,7,40000,-1155,3618,379789,10770,raw_ad5933_range4_pga1,0,0,0,0,0,0,0,0,0,0,0
data,613232,97,8,45000,-1405,3544,381234,11162,raw_ad5933_range4_pga1,0,0,0,0,0,0,0,0,0,0,0
data,613369,97,9,50000,-1649,3444,381842,11558,raw_ad5933_range4_pga1,0,0,0,0,0,0,0,0,0,0,0
data,613506,97,10,55000,-1866,3335,382154,11922,raw_ad5933_range4_pga1,0,0,0,0,0,0,0,0,0,0,0
data,613644,97,11,60000,-2071,3218,382682,12276,raw_ad5933_range4_pga1,0,0,0,0,0,0,0,0,0,0,0
data,613781,97,12,65000,-2270,3088,383258,12631,raw_ad5933_range4_pga1,0,0,0,0,0,0,0,0,0,0,0
data,613919,97,13,70000,-2454,2938,382805,12987,raw_ad5933_range4_pga1,0,0,0,0,0,0,0,0,0,0,0
data,614057,97,14,75000,-2625,2783,382567,13332,raw_ad5933_range4_pga1,0,0,0,0,0,0,0,0,0,0,0
data,614195,97,15,80000,-2785,2622,382506,13672,raw_ad5933_range4_pga1,0,0,0,0,0,0,0,0,0,0,0
data,614333,97,16,85000,-2933,2450,382165,14012,raw_ad5933_range4_pga1,0,0,0,0,0,0,0,0,0,0,0
data,614470,97,17,90000,-3070,2276,382166,14344,raw_ad5933_range4_pga1,0,0,0,0,0,0,0,0,0,0,0
data,614608,97,18,95000,-3190,2087,381204,14680,raw_ad5933_range4_pga1,0,0,0,0,0,0,0,0,0,0,0
data,614746,97,19,100000,-3297,1899,380479,15005,raw_ad5933_range4_pga1,0,0,0,0,0,0,0,0,0,0,0
status,614863,97,0,0,0,0,0,0,sweep_end,0,0,0,0,0,0,0,0,0,0,0
status,617939,0,0,0,0,0,0,0,i2c_pc8_pc9_scan_start
status,618102,0,0,0,0,0,0,0,i2c_pc8_pc9_found_0x68
status,618177,0,0,0,0,0,0,0,i2c_pc8_pc9_scan_end_count_1
imu,618261,0,0,0,0,0,0,0,imu_sample,0x68,0x68,-2768,6376,8920,-345,8,419,-2896,0x00,0
status,618360,98,0,0,0,0,0,0,sweep_start_5k_to_100k,0,0,0,0,0,0,0,0,0,0,0
data,618531,98,0,5000,909,2148,233242,6706,raw_ad5933_range4_pga1,0,0,0,0,0,0,0,0,0,0,0
data,618663,98,1,10000,854,2947,306824,7383,raw_ad5933_range4_pga1,0,0,0,0,0,0,0,0,0,0,0
data,618796,98,2,15000,484,3388,342240,8186,raw_ad5933_range4_pga1,0,0,0,0,0,0,0,0,0,0,0
data,618929,98,3,20000,85,3596,359700,8864,raw_ad5933_range4_pga1,0,0,0,0,0,0,0,0,0,0,0
data,619061,98,4,25000,-267,3678,368768,9415,raw_ad5933_range4_pga1,0,0,0,0,0,0,0,0,0,0,0
data,619196,98,5,30000,-590,3695,374181,9907,raw_ad5933_range4_pga1,0,0,0,0,0,0,0,0,0,0,0
data,619330,98,6,35000,-885,3677,378200,10353,raw_ad5933_range4_pga1,0,0,0,0,0,0,0,0,0,0,0
data,619466,98,7,40000,-1157,3620,380040,10772,raw_ad5933_range4_pga1,0,0,0,0,0,0,0,0,0,0,0
data,619602,98,8,45000,-1407,3537,380658,11169,raw_ad5933_range4_pga1,0,0,0,0,0,0,0,0,0,0,0
data,619739,98,9,50000,-1651,3449,382379,11557,raw_ad5933_range4_pga1,0,0,0,0,0,0,0,0,0,0,0
data,619876,98,10,55000,-1866,3335,382154,11922,raw_ad5933_range4_pga1,0,0,0,0,0,0,0,0,0,0,0
data,620014,98,11,60000,-2074,3216,382677,12281,raw_ad5933_range4_pga1,0,0,0,0,0,0,0,0,0,0,0
data,620151,98,12,65000,-2267,3084,382758,12631,raw_ad5933_range4_pga1,0,0,0,0,0,0,0,0,0,0,0
data,620289,98,13,70000,-2458,2938,383061,12991,raw_ad5933_range4_pga1,0,0,0,0,0,0,0,0,0,0,0
data,620427,98,14,75000,-2628,2788,383136,13330,raw_ad5933_range4_pga1,0,0,0,0,0,0,0,0,0,0,0
data,620565,98,15,80000,-2781,2624,382352,13666,raw_ad5933_range4_pga1,0,0,0,0,0,0,0,0,0,0,0
data,620703,98,16,85000,-2932,2452,382216,14009,raw_ad5933_range4_pga1,0,0,0,0,0,0,0,0,0,0,0
data,620840,98,17,90000,-3064,2271,381386,14345,raw_ad5933_range4_pga1,0,0,0,0,0,0,0,0,0,0,0
data,620978,98,18,95000,-3195,2090,381787,14680,raw_ad5933_range4_pga1,0,0,0,0,0,0,0,0,0,0,0
data,621116,98,19,100000,-3299,1902,380802,15003,raw_ad5933_range4_pga1,0,0,0,0,0,0,0,0,0,0,0
status,621233,98,0,0,0,0,0,0,sweep_end,0,0,0,0,0,0,0,0,0,0,0
status,624309,0,0,0,0,0,0,0,i2c_pc8_pc9_scan_start
status,624472,0,0,0,0,0,0,0,i2c_pc8_pc9_found_0x68
status,624547,0,0,0,0,0,0,0,i2c_pc8_pc9_scan_end_count_1
imu,624631,0,0,0,0,0,0,0,imu_sample,0x68,0x68,-2744,6332,8992,-342,8,400,-2896,0x00,0
status,624730,99,0,0,0,0,0,0,sweep_start_5k_to_100k,0,0,0,0,0,0,0,0,0,0,0
data,624901,99,0,5000,909,2147,233150,6705,raw_ad5933_range4_pga1,0,0,0,0,0,0,0,0,0,0,0
data,625033,99,1,10000,854,2944,306536,7382,raw_ad5933_range4_pga1,0,0,0,0,0,0,0,0,0,0,0
data,625166,99,2,15000,481,3390,342395,8192,raw_ad5933_range4_pga1,0,0,0,0,0,0,0,0,0,0,0
data,625299,99,3,20000,85,3599,360000,8864,raw_ad5933_range4_pga1,0,0,0,0,0,0,0,0,0,0,0
data,625431,99,4,25000,-269,3677,368683,9418,raw_ad5933_range4_pga1,0,0,0,0,0,0,0,0,0,0,0
data,625566,99,5,30000,-591,3700,374690,9907,raw_ad5933_range4_pga1,0,0,0,0,0,0,0,0,0,0,0
data,625700,99,6,35000,-885,3671,377617,10355,raw_ad5933_range4_pga1,0,0,0,0,0,0,0,0,0,0,0
data,625836,99,7,40000,-1150,3618,379637,10763,raw_ad5933_range4_pga1,0,0,0,0,0,0,0,0,0,0,0
data,625972,99,8,45000,-1408,3543,381252,11167,raw_ad5933_range4_pga1,0,0,0,0,0,0,0,0,0,0,0
data,626109,99,9,50000,-1645,3450,382211,11549,raw_ad5933_range4_pga1,0,0,0,0,0,0,0,0,0,0,0
data,626246,99,10,55000,-1867,3339,382552,11921,raw_ad5933_range4_pga1,0,0,0,0,0,0,0,0,0,0,0
data,626384,99,11,60000,-2072,3217,382652,12278,raw_ad5933_range4_pga1,0,0,0,0,0,0,0,0,0,0,0
data,626521,99,12,65000,-2271,3084,382995,12636,raw_ad5933_range4_pga1,0,0,0,0,0,0,0,0,0,0,0
data,626659,99,13,70000,-2454,2943,383189,12982,raw_ad5933_range4_pga1,0,0,0,0,0,0,0,0,0,0,0
data,626797,99,14,75000,-2623,2785,382575,13328,raw_ad5933_range4_pga1,0,0,0,0,0,0,0,0,0,0,0
data,626935,99,15,80000,-2788,2625,382930,13672,raw_ad5933_range4_pga1,0,0,0,0,0,0,0,0,0,0,0
data,627073,99,16,85000,-2931,2452,382140,14008,raw_ad5933_range4_pga1,0,0,0,0,0,0,0,0,0,0,0
data,627210,99,17,90000,-3069,2275,382026,14345,raw_ad5933_range4_pga1,0,0,0,0,0,0,0,0,0,0,0
data,627348,99,18,95000,-3192,2087,381372,14682,raw_ad5933_range4_pga1,0,0,0,0,0,0,0,0,0,0,0
data,627486,99,19,100000,-3301,1901,380925,15006,raw_ad5933_range4_pga1,0,0,0,0,0,0,0,0,0,0,0
status,627603,99,0,0,0,0,0,0,sweep_end,0,0,0,0,0,0,0,0,0,0,0
status,630679,0,0,0,0,0,0,0,i2c_pc8_pc9_scan_start
status,630842,0,0,0,0,0,0,0,i2c_pc8_pc9_found_0x68
status,630917,0,0,0,0,0,0,0,i2c_pc8_pc9_scan_end_count_1
imu,631001,0,0,0,0,0,0,0,imu_sample,0x68,0x68,-2784,6284,8920,-370,4,409,-2896,0x00,0
status,631100,100,0,0,0,0,0,0,sweep_start_5k_to_100k,0,0,0,0,0,0,0,0,0,0,0
data,631272,100,0,5000,909,2144,232874,6702,raw_ad5933_range4_pga1,0,0,0,0,0,0,0,0,0,0,0
data,631405,100,1,10000,853,2949,306989,7386,raw_ad5933_range4_pga1,0,0,0,0,0,0,0,0,0,0,0
data,631539,100,2,15000,482,3383,341716,8189,raw_ad5933_range4_pga1,0,0,0,0,0,0,0,0,0,0,0
data,631674,100,3,20000,86,3602,360303,8863,raw_ad5933_range4_pga1,0,0,0,0,0,0,0,0,0,0,0
data,631807,100,4,25000,-271,3673,368298,9421,raw_ad5933_range4_pga1,0,0,0,0,0,0,0,0,0,0,0
data,631942,100,5,30000,-593,3695,374228,9911,raw_ad5933_range4_pga1,0,0,0,0,0,0,0,0,0,0,0
data,632078,100,6,35000,-882,3679,378325,10348,raw_ad5933_range4_pga1,0,0,0,0,0,0,0,0,0,0,0
data,632215,100,7,40000,-1157,3622,380231,10771,raw_ad5933_range4_pga1,0,0,0,0,0,0,0,0,0,0,0
data,632352,100,8,45000,-1407,3538,380751,11168,raw_ad5933_range4_pga1,0,0,0,0,0,0,0,0,0,0,0
data,632490,100,9,50000,-1646,3449,382164,11551,raw_ad5933_range4_pga1,0,0,0,0,0,0,0,0,0,0,0
data,632628,100,10,55000,-1866,3341,382678,11918,raw_ad5933_range4_pga1,0,0,0,0,0,0,0,0,0,0,0
data,632767,100,11,60000,-2077,3220,383175,12282,raw_ad5933_range4_pga1,0,0,0,0,0,0,0,0,0,0,0
data,632906,100,12,65000,-2271,3085,383075,12635,raw_ad5933_range4_pga1,0,0,0,0,0,0,0,0,0,0,0
data,633045,100,13,70000,-2451,2939,382689,12982,raw_ad5933_range4_pga1,0,0,0,0,0,0,0,0,0,0,0
data,633184,100,14,75000,-2625,2784,382639,13331,raw_ad5933_range4_pga1,0,0,0,0,0,0,0,0,0,0,0
data,633323,100,15,80000,-2783,2621,382292,13671,raw_ad5933_range4_pga1,0,0,0,0,0,0,0,0,0,0,0
data,633462,100,16,85000,-2929,2452,381986,14006,raw_ad5933_range4_pga1,0,0,0,0,0,0,0,0,0,0,0
data,633601,100,17,90000,-3065,2270,381407,14347,raw_ad5933_range4_pga1,0,0,0,0,0,0,0,0,0,0,0
data,633740,100,18,95000,-3195,2090,381787,14680,raw_ad5933_range4_pga1,0,0,0,0,0,0,0,0,0,0,0
data,633879,100,19,100000,-3299,1902,380802,15003,raw_ad5933_range4_pga1,0,0,0,0,0,0,0,0,0,0,0
status,633997,100,0,0,0,0,0,0,sweep_end,0,0,0,0,0,0,0,0,0,0,0
status,637074,0,0,0,0,0,0,0,i2c_pc8_pc9_scan_start
status,637237,0,0,0,0,0,0,0,i2c_pc8_pc9_found_0x68
status,637312,0,0,0,0,0,0,0,i2c_pc8_pc9_scan_end_count_1
imu,637396,0,0,0,0,0,0,0,imu_sample,0x68,0x68,-2756,6324,8784,-358,7,407,-2848,0x00,0
status,637495,101,0,0,0,0,0,0,sweep_start_5k_to_100k,0,0,0,0,0,0,0,0,0,0,0
data,637667,101,0,5000,911,2143,232860,6696,raw_ad5933_range4_pga1,0,0,0,0,0,0,0,0,0,0,0
data,637800,101,1,10000,849,2956,307551,7397,raw_ad5933_range4_pga1,0,0,0,0,0,0,0,0,0,0,0
data,637934,101,2,15000,487,3383,341787,8180,raw_ad5933_range4_pga1,0,0,0,0,0,0,0,0,0,0,0
data,638069,101,3,20000,85,3599,360000,8864,raw_ad5933_range4_pga1,0,0,0,0,0,0,0,0,0,0,0
data,638202,101,4,25000,-268,3680,368975,9416,raw_ad5933_range4_pga1,0,0,0,0,0,0,0,0,0,0,0
data,638338,101,5,30000,-589,3693,373968,9906,raw_ad5933_range4_pga1,0,0,0,0,0,0,0,0,0,0,0
data,638473,101,6,35000,-888,3668,377396,10360,raw_ad5933_range4_pga1,0,0,0,0,0,0,0,0,0,0,0
data,638610,101,7,40000,-1151,3616,379477,10765,raw_ad5933_range4_pga1,0,0,0,0,0,0,0,0,0,0,0
data,638748,101,8,45000,-1409,3545,381475,11167,raw_ad5933_range4_pga1,0,0,0,0,0,0,0,0,0,0,0
data,638885,101,9,50000,-1641,3450,382039,11543,raw_ad5933_range4_pga1,0,0,0,0,0,0,0,0,0,0,0
data,639023,101,10,55000,-1861,3336,381998,11915,raw_ad5933_range4_pga1,0,0,0,0,0,0,0,0,0,0,0
data,639162,101,11,60000,-2070,3217,382544,12275,raw_ad5933_range4_pga1,0,0,0,0,0,0,0,0,0,0,0
data,639301,101,12,65000,-2265,3080,382317,12633,raw_ad5933_range4_pga1,0,0,0,0,0,0,0,0,0,0,0
data,639440,101,13,70000,-2452,2938,382677,12984,raw_ad5933_range4_pga1,0,0,0,0,0,0,0,0,0,0,0
data,639579,101,14,75000,-2624,2786,382716,13328,raw_ad5933_range4_pga1,0,0,0,0,0,0,0,0,0,0,0
data,639718,101,15,80000,-2784,2625,382639,13668,raw_ad5933_range4_pga1,0,0,0,0,0,0,0,0,0,0,0
data,639857,101,16,85000,-2931,2454,382268,14006,raw_ad5933_range4_pga1,0,0,0,0,0,0,0,0,0,0,0
data,639996,101,17,90000,-3068,2275,381946,14344,raw_ad5933_range4_pga1,0,0,0,0,0,0,0,0,0,0,0
data,640135,101,18,95000,-3189,2094,381504,14670,raw_ad5933_range4_pga1,0,0,0,0,0,0,0,0,0,0,0
data,640274,101,19,100000,-3298,1899,380565,15006,raw_ad5933_range4_pga1,0,0,0,0,0,0,0,0,0,0,0
# automatic_capture_complete,complete_sweeps=30,finished=2026-08-25 17:34:54
